id,external_id,message_preview,hash,published_at,created_at,source_id,source_name
28262,35376,"MARKET IS RISKY HOLD ON👍 EVERYCOIN IS GIVING FAKE ...

HOLD ON WE WIL WAIT FOR PROPER MOVE IN SHA ALLAH",ea74f3e84f99ecd2664a5c167791c593,2025-11-23T12:04:49+00:00,2025-11-23T17:21:59.642596+00:00,193,t.me/thewolfcrypto1
28267,35371,"#WOLF_VIP_SIGNAL 👍

👍WOLF PREMIUM TRADE RESULT

💵#...👍

👑 @Wolfscalperadmin ✅

#WE_STAND_WITH_PALESTINE",8d563b8c2a546400977124730f492e92,2025-11-23T09:30:45+00:00,2025-11-23T17:21:59.678277+00:00,193,t.me/thewolfcrypto1
28254,35365,"#WOLF_VIP_SIGNAL 👍

👍WOLF PREMIUM TRADE RESULT

💵#...👍

👑 @Wolfscalperadmin ✅

#WE_STAND_WITH_PALESTINE",d08e9659c7a4a453d234da2421bf3ab4,2025-11-23T07:37:02+00:00,2025-11-23T17:21:59.561814+00:00,193,t.me/thewolfcrypto1
28270,35361,"#WOLF_VIP_SIGNAL 😎

👍#PIPPIN/USDT MADE US RICH ALH...IX

👑 @Wolfscalperadmin✅

#WE_STAND_WITH_PALESTINE",507b5683c0c94e6b38430fb67f9a1193,2025-11-23T06:10:44+00:00,2025-11-23T17:21:59.727990+00:00,193,t.me/thewolfcrypto1
28263,35359,"MASSIVE MASSIVE MASSIVE
👍👍👍

+849.34% WITH IN FEW MINUTES ALHAMDULILAH",f84285e7e498b001a9893411d9235fc9,2025-11-23T05:57:19+00:00,2025-11-23T17:21:59.657171+00:00,193,t.me/thewolfcrypto1
30086,35458,"#WOLF_FREE_SIGNAL 👑

MASSIVE 👍 PROFIT ALHAMDULILAH...
💥 WOLF IS UNSTOPPABLE 💥

#WE_STAND_WITH_PALESTINE",70b48865b4d311b823228e5199ad997d,2025-11-24T17:19:17+00:00,2025-11-24T17:37:04.774774+00:00,193,t.me/thewolfcrypto1
30092,35457,"#WOLF_VIP_SIGNAL 👍

👍WOLF PREMIUM TRADE RESULT

💵#...👍

👑 @Wolfscalperadmin ✅

#WE_STAND_WITH_PALESTINE",d4d5483513a59667074d6461aeb3108c,2025-11-24T17:13:52+00:00,2025-11-24T17:37:04.832643+00:00,193,t.me/thewolfcrypto1
30089,35456,WHO HOLD?,02a6d7640e059c45e9efda1696e95506,2025-11-24T17:05:22+00:00,2025-11-24T17:37:04.804364+00:00,193,t.me/thewolfcrypto1
30100,35455,"#WOLF_VIP_SIGNAL 👑

MASSIVE 👍 PROFIT ALHAMDULILAH
...LICK TO JOIN BITUNIX NOW

#WE_STAND_FOR_PALESTINEl",487887674e906dfb7f06019c36fc0f78,2025-11-24T17:03:37+00:00,2025-11-24T17:37:05.099434+00:00,193,t.me/thewolfcrypto1
30098,35454,"#WOLF_VIP_SIGNAL 😎

👍#XPIN/USDT MADE US RICH ALHAM...IX

👑 @Wolfscalperadmin✅

#WE_STAND_WITH_PALESTINE",8394b6325c931a9392ee725a4de53c2d,2025-11-24T17:02:23+00:00,2025-11-24T17:37:05.081419+00:00,193,t.me/thewolfcrypto1
30103,35451,"#WOLF_VIP_SIGNAL 👍

👍WOLF PREMIUM TRADE RESULT

💵#...👍

👑 @Wolfscalperadmin ✅

#WE_STAND_WITH_PALESTINE",293dfe54457cedd85302be843b1fe29c,2025-11-24T16:51:51+00:00,2025-11-24T17:37:05.134595+00:00,193,t.me/thewolfcrypto1
30094,35450,"MASSIVE BROOO MASSIVE 👍👑

ALHAMDULILAH",92a59dcb2bce0db3c209615bffc5d876,2025-11-24T16:50:16+00:00,2025-11-24T17:37:05.057076+00:00,193,t.me/thewolfcrypto1
30093,35449,"#WOLF_VIP_SIGNAL 👍

👍WOLF PREMIUM TRADE RESULT

💵#...👍

👑 @Wolfscalperadmin ✅

#WE_STAND_WITH_PALESTINE",7c8b51508a4191a68526c00add2d3e33,2025-11-24T16:45:06+00:00,2025-11-24T17:37:04.886761+00:00,193,t.me/thewolfcrypto1
30083,35447,"#WOLF_FREE_SIGNAL 👍

👍WOLF SCALPING TRADE RESULT

...

CLICK TO JOIN BITNUNIX

#WE_STAND_WITH_PALESTINE",12820649162659db24fb465a27d9b262,2025-11-24T16:26:44+00:00,2025-11-24T17:37:04.752644+00:00,193,t.me/thewolfcrypto1
30090,35446,👑👍,46d756a464da448f1c31d80be6191f05,2025-11-24T16:24:31+00:00,2025-11-24T17:37:04.817748+00:00,193,t.me/thewolfcrypto1
30088,35445,"#WOLF_VIP_SIGNAL 👍

👍WOLF PREMIUM TRADE RESULT

💵#...👍

👑 @Wolfscalperadmin ✅

#WE_STAND_WITH_PALESTINE",de09bd4ab261daa9c08eed2988ddd5cd,2025-11-24T16:16:51+00:00,2025-11-24T17:37:04.791031+00:00,193,t.me/thewolfcrypto1
30082,35442,"#WOLF_VIP_SIGNAL 👍

👍WOLF PREMIUM TRADE RESULT

💵#...👍

👑 @Wolfscalperadmin ✅

#WE_STAND_WITH_PALESTINE",4762a41b1e6b2bd749f49af70d3ed963,2025-11-24T15:37:31+00:00,2025-11-24T17:37:04.748970+00:00,193,t.me/thewolfcrypto1
30102,35440,REACTS??,81174b68ca103967d949b1b27fc929cd,2025-11-24T15:25:21+00:00,2025-11-24T17:37:05.129337+00:00,193,t.me/thewolfcrypto1
30101,35439,"MASSIVE MASSIVE MASSIVE👑👍

ALHAMDULILAH",b04b1e21d10febef6ecdc47ccc60e36b,2025-11-24T15:20:31+00:00,2025-11-24T17:37:05.109423+00:00,193,t.me/thewolfcrypto1
30109,35438,"#WOLF_FREE_SIGNAL 👍

👍WOLF SCALPING TRADE RESULT

...✅

CLICK TO JOIN BITUNIX

#WE_STAND_WITH_PALESTINE",09390e942b6c37291705f170ae5645bb,2025-11-24T15:19:57+00:00,2025-11-24T17:37:05.250056+00:00,193,t.me/thewolfcrypto1
30095,35437,"#FREE_SIGNAL

MASSIVE 👍

+108.69% CONTINUE ALHAMDULILAH

CLOSE 75% TRADE NOW 👑",aefc824688c6a01588d79ba9ce71a9b5,2025-11-24T15:17:34+00:00,2025-11-24T17:37:05.058845+00:00,193,t.me/thewolfcrypto1
30108,35436,"👍THE WOLF SCALPER👍

✔️COIN NAME: PARTI(USDT)

LEVE..._WITH_PALESTINE

REACTIONS?

CLICK TO JOIN BITUNIX",1ab17d78318e25bf124a045c9ed0fbcc,2025-11-24T14:48:17+00:00,2025-11-24T17:37:05.190585+00:00,193,t.me/thewolfcrypto1
30099,35431,PATIENCE PAYS OFFF CONGRATS TO EVERYONE WHO KEEPS ...LAH ALMIGHTY FOR THIS MASSIVE SUCCESS ALHAMDULILAH,5daeb482d44534276664e08410aea38f,2025-11-24T13:09:44+00:00,2025-11-24T17:37:05.080553+00:00,193,t.me/thewolfcrypto1
30105,35429,"#WOLF_FREE_SIGNAL 👍

👍WOLF SCALPING TRADE RESULT

...

CLICK TO JOIN BITNUNIX

#WE_STAND_WITH_PALESTINE",56329c1dc1c76e2c428e48019346ab4d,2025-11-24T12:48:16+00:00,2025-11-24T17:37:05.168588+00:00,193,t.me/thewolfcrypto1
30096,35428,⚡️👍,a5966a400c39ce350d5ec307ae9c0fa5,2025-11-24T12:46:01+00:00,2025-11-24T17:37:05.060922+00:00,193,t.me/thewolfcrypto1
30104,35427,"#WOLF_VIP_SIGNAL 👑

MASSIVE 👍 PROFIT ALHAMDULILAH
...LICK TO JOIN BITUNIX NOW

#WE_STAND_FOR_PALESTINEl",9266558cdfd809fe6403a7d14f7d9c98,2025-11-24T12:40:52+00:00,2025-11-24T17:37:05.143361+00:00,193,t.me/thewolfcrypto1
30110,35426,"#WOLF_VIP_SIGNAL 👍

👍WOLF PREMIUM TRADE RESULT

💵#...👍

👑 @Wolfscalperadmin ✅

#WE_STAND_WITH_PALESTINE",60b8882dbeeb111e2c90c8f906ce7cf6,2025-11-24T12:33:40+00:00,2025-11-24T17:37:05.263882+00:00,193,t.me/thewolfcrypto1
30111,35424,"#WOLF_VIP_SIGNAL 👍

👍WOLF PREMIUM TRADE RESULT

💵#...👍

👑 @Wolfscalperadmin ✅

#WE_STAND_WITH_PALESTINE",b1aaeb437fe18b95a4b4da18c44cc14d,2025-11-24T12:23:13+00:00,2025-11-24T17:37:05.326785+00:00,193,t.me/thewolfcrypto1
30116,35423,"#WOLF_VIP_SIGNAL 👍

👍WOLF PREMIUM TRADE RESULT

💵#...👍

👑 @Wolfscalperadmin ✅

#WE_STAND_WITH_PALESTINE",f3849e9bbb8eeeb1c466d58436238abd,2025-11-24T12:10:51+00:00,2025-11-24T17:37:06.059977+00:00,193,t.me/thewolfcrypto1
30119,35422,"CONTINUE ALHAMDULILAH

CLOSE NOW IF DONT WANT TO T... ABITY TO HOLD THEN HOLD IT WILL PUMP IN SHA ALLAH",f3ce0980f2d6a40fe505c6a555e82b21,2025-11-24T11:53:26+00:00,2025-11-24T17:37:06.132855+00:00,193,t.me/thewolfcrypto1
30115,35420,"#WOLF_VIP_SIGNAL 👑

MASSIVE 👍 PROFIT ALHAMDULILAH
...LICK TO JOIN BITUNIX NOW

#WE_STAND_FOR_PALESTINEl",f15e3d64cd21730f2ab035f08f88de4e,2025-11-24T11:30:07+00:00,2025-11-24T17:37:06.031184+00:00,193,t.me/thewolfcrypto1
30118,35417,"TP 1 ALMOST BOOOOMMM⚡️👍 INA SINGLE WICK

ALHAMDULILAH",3766898408800ae6b1c9d31fb8bbc33d,2025-11-24T10:20:40+00:00,2025-11-24T17:37:06.129178+00:00,193,t.me/thewolfcrypto1
30117,35416,HOLD ON  REMOVE SL SOO HIGH VOLATILITY,e699cecae545b165f354b0df8bf76fa2,2025-11-24T10:12:18+00:00,2025-11-24T17:37:06.113463+00:00,193,t.me/thewolfcrypto1
30114,35415,"👍THE WOLF SCALPER👍

✔️COIN NAME: DMC(USDT)

LEVERA...S:  0.001895

#WE_STAND_WITH_PALESTINE

REACTIONS?",6053a87a3261cf2b926bf57a08032f6b,2025-11-24T10:04:17+00:00,2025-11-24T17:37:06.018467+00:00,193,t.me/thewolfcrypto1
30120,35412,"TOO HIGH RISKY MARKET ITS TOO DIFFICULT TO FIND OP...ND BE CONNECTED BECAUSE 

WOLF👍 IS WATCHING MARKET",84957eaafe9f70aefd8313b94d3d3e10,2025-11-24T09:25:04+00:00,2025-11-24T17:37:06.151106+00:00,193,t.me/thewolfcrypto1
30121,35410,"#WOLF_VIP_SIGNAL 👍

👍WOLF PREMIUM TRADE RESULT

💵#...👍

👑 @Wolfscalperadmin ✅

#WE_STAND_WITH_PALESTINE",15dc99b341e69824ce43f4f1a2559423,2025-11-24T09:04:49+00:00,2025-11-24T17:37:06.182299+00:00,193,t.me/thewolfcrypto1
30112,35409,"#WOLF_VIP_SIGNAL 👍

👍WOLF PREMIUM TRADE RESULT

💵#...👍

👑 @Wolfscalperadmin ✅

#WE_STAND_WITH_PALESTINE",91f89583d5b556445e1eb035e4f1c6d7,2025-11-24T09:00:30+00:00,2025-11-24T17:37:06.000570+00:00,193,t.me/thewolfcrypto1
30113,35407,COMPLETE 250 REACTS BROOO,e7046506cba31d21d17837bb24a19bc9,2025-11-24T08:32:51+00:00,2025-11-24T17:37:06.004627+00:00,193,t.me/thewolfcrypto1
30123,35405,"ASSALAMUALAIKUM

GOOD MORNING BROOO

WHO IS READY TO EARN TODAY LET ME KNOW

TAP TAP",853d6625d56e7c3e1f2c9003d9891ef3,2025-11-24T08:06:44+00:00,2025-11-24T17:37:06.333584+00:00,193,t.me/thewolfcrypto1
30122,35389,REACTS??,81174b68ca103967d949b1b27fc929cd,2025-11-23T20:00:29+00:00,2025-11-24T17:37:06.323095+00:00,193,t.me/thewolfcrypto1
30127,35388,"👍 THE WOLF (CRYPTO) 👍

TRADE RESULTS (23-11-25)

1...RY CLICK HERE

#WE_STAND_WITH_PALESTINE

REACTION?",e85bab0fd6b9a61371e710f4a59bdbe2,2025-11-23T17:46:08+00:00,2025-11-24T17:37:06.411176+00:00,193,t.me/thewolfcrypto1
30125,35387,"GOOD NIGHT😴

TOO RISKY AND SLOW MARKET THATS WHY A...R I WAS DECIDE THAT ITS BETTER TO TAKE BREAK TODAY",46642a39afc0eb87755ea737a4d4dd8c,2025-11-23T17:34:50+00:00,2025-11-24T17:37:06.405186+00:00,193,t.me/thewolfcrypto1
30098,35454,"#WOLF_VIP_SIGNAL 😎

👍#XPIN/USDT MADE US RICH ALHAM...IX

👑 @Wolfscalperadmin✅

#WE_STAND_WITH_PALESTINE",8394b6325c931a9392ee725a4de53c2d,2025-11-24T17:02:23+00:00,2025-11-24T17:37:05.081419+00:00,193,t.me/thewolfcrypto1
32509,35551,"#WOLF_FREE_SIGNAL 👍

👍WOLF SCALPING TRADE RESULT

...✅

CLICK TO JOIN BITUNIX

#WE_STAND_WITH_PALESTINE",a46f5925e2c3cf8d977384bd3f8c2367,2025-11-25T17:40:40+00:00,2025-11-25T17:59:13.517392+00:00,193,t.me/thewolfcrypto1
32525,35550,"💎 Limited Trusted Signals 💎

Insider action with a...

‼️ JOIN QUICK ‼️

https://t.me/+_bi0J3gPcLQ4Yzky",fb9817fd6449d67a577d19f550e54c5d,2025-11-25T17:33:21+00:00,2025-11-25T17:59:13.699088+00:00,193,t.me/thewolfcrypto1
32519,35549,REACTS BRO?,77d0823c93a9923846dd559388dbaaa1,2025-11-25T17:17:53+00:00,2025-11-25T17:59:13.635161+00:00,193,t.me/thewolfcrypto1
32524,35548,"#WOLF_FREE_SIGNAL 👍

👍WOLF SCALPING TRADE RESULT

...✅

CLICK TO JOIN BITUNIX

#WE_STAND_WITH_PALESTINE",afa284114e54f614da1ef3ae61d02ddf,2025-11-25T17:12:54+00:00,2025-11-25T17:59:13.698074+00:00,193,t.me/thewolfcrypto1
32526,35547,"SOO QUICK ONCE AGAIN⚡️👍

ALHAMDULILAH",cd48750f40273ceb0d14c8d82c0b21a5,2025-11-25T17:11:19+00:00,2025-11-25T17:59:13.706570+00:00,193,t.me/thewolfcrypto1
32536,35546,"👍THE WOLF SCALPER👍

✔️COIN NAME: MON(USDT)

LEVERA...SS:  0.04200

#WE_STAND_WITH_PALESTINE

REACTIONS?",c2c92e4848dfafae4d2bfdfa352ccdd6,2025-11-25T17:09:10+00:00,2025-11-25T17:59:13.966767+00:00,193,t.me/thewolfcrypto1
32535,35545,"#WOLF_VIP_SIGNAL 👑

MASSIVE 👍 PROFIT ALHAMDULILAH
...CLICK TO JOIN BITUNIX NOW

#WE_STAND_FOR_PALESTINE",105c3193a74f1f9ec676610b0d35759f,2025-11-25T17:04:41+00:00,2025-11-25T17:59:13.926885+00:00,193,t.me/thewolfcrypto1
32534,35541,"#WOLF_VIP_SIGNAL 👍

👍WOLF PREMIUM TRADE RESULT

💵#...👍

👑 @Wolfscalperadmin ✅

#WE_STAND_WITH_PALESTINE",011d3dbd4585989c49687662015670f4,2025-11-25T16:05:48+00:00,2025-11-25T17:59:13.861559+00:00,193,t.me/thewolfcrypto1
32533,35539,"#WOLF_VIP_SIGNAL 👍

👍WOLF PREMIUM TRADE RESULT

💵#...👍

👑 @Wolfscalperadmin ✅

#WE_STAND_WITH_PALESTINE",8fdb6d0df190209f4112ef1fc173b007,2025-11-25T15:36:59+00:00,2025-11-25T17:59:13.857867+00:00,193,t.me/thewolfcrypto1
32537,35535,"#WOLF_VIP_SIGNAL 👍

👍WOLF PREMIUM TRADE RESULT

💵#...👍

👑 @Wolfscalperadmin ✅

#WE_STAND_WITH_PALESTINE",a22cb79c4261264480591712ed67af2d,2025-11-25T14:34:25+00:00,2025-11-25T17:59:16.741542+00:00,193,t.me/thewolfcrypto1
32538,35534,SOO CHOPPY MARKET,f35a96cca1b00f1847910f01c6ea5703,2025-11-25T14:24:12+00:00,2025-11-25T17:59:16.836057+00:00,193,t.me/thewolfcrypto1
32539,35532,"#WOLF_VIP_SIGNAL 👑

MASSIVE 👍 PROFIT ALHAMDULILAH
...CLICK TO JOIN BITUNIX NOW

#WE_STAND_FOR_PALESTINE",298b7bd2e13dee96f1ca4f9df3928ef3,2025-11-25T13:37:25+00:00,2025-11-25T17:59:16.873997+00:00,193,t.me/thewolfcrypto1
32541,35526,"#WOLF_VIP_SIGNAL 👑

MASSIVE 👍 PROFIT ALHAMDULILAH
...CLICK TO JOIN BITUNIX NOW

#WE_STAND_FOR_PALESTINE",0198d3aba566d71874a2f8890825b3f9,2025-11-25T12:24:15+00:00,2025-11-25T17:59:17.451990+00:00,193,t.me/thewolfcrypto1
32544,35525,"#WOLF_VIP_SIGNAL 👍

👍WOLF PREMIUM TRADE RESULT

💵#...👍

👑 @Wolfscalperadmin ✅

#WE_STAND_WITH_PALESTINE",1ddd1569187bf62ba2ea7d2077aa86fe,2025-11-25T12:04:43+00:00,2025-11-25T17:59:17.502712+00:00,193,t.me/thewolfcrypto1
32540,35524,"#WOLF_VIP_SIGNAL 👍

👍WOLF PREMIUM TRADE RESULT

💵#...👍

👑 @Wolfscalperadmin ✅

#WE_STAND_WITH_PALESTINE",eebde77fc678ade8287c5fe006a14bd2,2025-11-25T12:01:11+00:00,2025-11-25T17:59:17.413387+00:00,193,t.me/thewolfcrypto1
32546,35523,"#WOLF_VIP_SIGNAL 👑

MASSIVE 👍 PROFIT ALHAMDULILAH
...CLICK TO JOIN BITUNIX NOW

#WE_STAND_FOR_PALESTINE",90a368c702eed52d33b991b622181c3b,2025-11-25T11:48:15+00:00,2025-11-25T17:59:17.554100+00:00,193,t.me/thewolfcrypto1
32547,35522,"#PEPE ✈️🫶 LONG 🔼👇

💵CLICK HERE💵👇

https://t.me/+Ejn5oSwXdQQwNDBk",4b9a11712ccce607c35164803da2addb,2025-11-25T11:45:09+00:00,2025-11-25T17:59:17.643304+00:00,193,t.me/thewolfcrypto1
32542,35521,"#WOLF_VIP_SIGNAL 👍

👍WOLF PREMIUM TRADE RESULT

💵#...👍

👑 @Wolfscalperadmin ✅

#WE_STAND_WITH_PALESTINE",f54962bcd78e8fa6d2bbb42c1c0616f5,2025-11-25T11:39:31+00:00,2025-11-25T17:59:17.501927+00:00,193,t.me/thewolfcrypto1
32623,35520,"#WOLF_VIP_SIGNAL 👍

👍WOLF PREMIUM TRADE RESULT

💵#...👍

👑 @Wolfscalperadmin ✅

#WE_STAND_WITH_PALESTINE",4870a440f884021d5e9548b507fdaccc,2025-11-25T11:36:40+00:00,2025-11-25T17:59:18.433856+00:00,193,t.me/thewolfcrypto1
32588,35519,"🌹 #BTC/USDT

🔴 SHORT

✅ Entry: (Click And Join)

https://t.me/+d1M_JP-Z4tkyNjk0",c8f1af684f6628e2c4e33350f321c3c0,2025-11-25T11:27:55+00:00,2025-11-25T17:59:18.182135+00:00,193,t.me/thewolfcrypto1
32545,35518,"#FREE_SIGNAL

MASSIVE 👍

+57.55% CONTINUE ALHAMDUL...KY CLOSE 75% TRADE NOW AND MOVE SL NEAR TO ENTRY 👑",b6134933ac3c86c4ea371b8dadcae299,2025-11-25T10:52:51+00:00,2025-11-25T17:59:17.510651+00:00,193,t.me/thewolfcrypto1
32543,35517,"👍THE WOLF SCALPER👍

✔️COIN NAME: PIPPIN(USDT)

LEV..._WITH_PALESTINE

REACTIONS?

CLICK TO JOIN BITUNIX",e41e9a0851e42f00535f8036782d6774,2025-11-25T10:49:27+00:00,2025-11-25T17:59:17.500461+00:00,193,t.me/thewolfcrypto1
32549,35515,"#WOLF_VIP_SIGNAL 👑

MASSIVE 👍 PROFIT ALHAMDULILAH
...CLICK TO JOIN BITUNIX NOW

#WE_STAND_FOR_PALESTINE",b89f1b314531aebf3f4e37d87a6306d0,2025-11-25T10:21:18+00:00,2025-11-25T17:59:17.672514+00:00,193,t.me/thewolfcrypto1
32596,35511,"#WOLF_VIP_SIGNAL 👍

👍WOLF PREMIUM TRADE RESULT

💵#...👍

👑 @Wolfscalperadmin ✅

#WE_STAND_WITH_PALESTINE",1caf2f21e5c036a133c9de0edd64ed6f,2025-11-25T09:17:59+00:00,2025-11-25T17:59:18.267272+00:00,193,t.me/thewolfcrypto1
32567,35507,"#WOLF_FREE_SIGNAL 😎

👍#NIL/USDT MADE US RICH ALHAM...IX

👑 @Wolfscalperadmin✅

#WE_STAND_WITH_PALESTINE",689cb422687dae972587b23e456a246b,2025-11-25T08:26:01+00:00,2025-11-25T17:59:17.962142+00:00,193,t.me/thewolfcrypto1
32555,35506,"#WOLF_VIP_SIGNAL 👍

👍WOLF PREMIUM TRADE RESULT

💵#...👍

👑 @Wolfscalperadmin ✅

#WE_STAND_WITH_PALESTINE",1fb7851b8b7fcf80087506ab04c05f60,2025-11-25T08:21:53+00:00,2025-11-25T17:59:17.740058+00:00,193,t.me/thewolfcrypto1
32558,35505,"#WOLF_VIP_SIGNAL 👍

👍WOLF PREMIUM TRADE RESULT

💵#...👍

👑 @Wolfscalperadmin ✅

#WE_STAND_WITH_PALESTINE",320c768c37678fbb8565b265c39af697,2025-11-25T08:08:54+00:00,2025-11-25T17:59:17.797889+00:00,193,t.me/thewolfcrypto1
32548,35504,"#WOLF_VIP_SIGNAL 👍

👍WOLF PREMIUM TRADE RESULT

💵#...👍

👑 @Wolfscalperadmin ✅

#WE_STAND_WITH_PALESTINE",d6ea0bca499c01ece4bd3911bf70e321,2025-11-25T08:04:20+00:00,2025-11-25T17:59:17.652490+00:00,193,t.me/thewolfcrypto1
32570,35503,"#WOLF_VIP_SIGNAL 👍

👍WOLF PREMIUM TRADE RESULT

💵#...👍

👑 @Wolfscalperadmin ✅

#WE_STAND_WITH_PALESTINE",a09948369259b6cf92bef3de30a0a6de,2025-11-25T08:01:01+00:00,2025-11-25T17:59:17.979781+00:00,193,t.me/thewolfcrypto1
32583,35502,"#WOLF_FREE_SIGNAL 👑

MASSIVE 👍 PROFIT ALHAMDULILAH...
💥 WOLF IS UNSTOPPABLE 💥

#WE_STAND_WITH_PALESTINE",861ba067fa0885aa1ed1d6aca83738ef,2025-11-25T07:53:01+00:00,2025-11-25T17:59:18.146192+00:00,193,t.me/thewolfcrypto1
32584,35501,"MASSIVE ⚡️BROOOOO ⚡️MASSIVE

THATS THE QUALITY OF ...H 

+344% WITH IN FEW MINUTES MASSIVE ALHAMDULILAH",a94d482b58743677084c5ab357c59b6b,2025-11-25T07:50:48+00:00,2025-11-25T17:59:18.148124+00:00,193,t.me/thewolfcrypto1
32573,35500,"#WOLF_FREE_SIGNAL 👍

👍WOLF SCALPING TRADE RESULT

...✅

CLICK TO JOIN BITUNIX

#WE_STAND_WITH_PALESTINE",1e85fbe2d1f3e6265883ddab632f7782,2025-11-25T07:48:41+00:00,2025-11-25T17:59:17.991392+00:00,193,t.me/thewolfcrypto1
32620,35499,"#WOLF_FREE_SIGNAL 👍

👍WOLF SCALPING TRADE RESULT

...✅

CLICK TO JOIN BITUNIX

#WE_STAND_WITH_PALESTINE",1cfd48ec66d733bef7a338fd61d8b9fd,2025-11-25T07:45:26+00:00,2025-11-25T17:59:18.400700+00:00,193,t.me/thewolfcrypto1
32577,35498,😎,a449a9fc13aa8e8c64b00c8a35785503,2025-11-25T07:43:56+00:00,2025-11-25T17:59:18.044264+00:00,193,t.me/thewolfcrypto1
32611,35497,"#WOLF_FREE_SIGNAL 👍

👍WOLF SCALPING TRADE RESULT

...✅

CLICK TO JOIN BITUNIX

#WE_STAND_WITH_PALESTINE",0b53f5d63a36eb767cc7079e7698de98,2025-11-25T07:32:26+00:00,2025-11-25T17:59:18.354475+00:00,193,t.me/thewolfcrypto1
32551,35496,"THERE YOU GOOO BROOOOOO

MASSIVE ALHAMDULILAH",055795e69e06254c75b496339fb78b28,2025-11-25T07:31:42+00:00,2025-11-25T17:59:17.700238+00:00,193,t.me/thewolfcrypto1
32568,35495,"👍THE WOLF SCALPER👍

✔️COIN NAME: NIL(USDT)

LEVERA..._WITH_PALESTINE

REACTIONS?

CLICK TO JOIN BITUNIX",fddfb5e2acdbc33bee713f21e046ef46,2025-11-25T07:26:32+00:00,2025-11-25T17:59:17.965712+00:00,193,t.me/thewolfcrypto1
32619,35494,"#WOLF_FREE_SIGNAL 👍

👍WOLF SCALPING TRADE RESULT

...✅

CLICK TO JOIN BITUNIX

#WE_STAND_WITH_PALESTINE",d4c30ef2622cb7681e0d56370602f2eb,2025-11-25T07:10:22+00:00,2025-11-25T17:59:18.392613+00:00,193,t.me/thewolfcrypto1
32609,35493,👍,0215ac4dab1ecaf71d83f98af5726984,2025-11-25T07:08:57+00:00,2025-11-25T17:59:18.353274+00:00,193,t.me/thewolfcrypto1
32585,35492,REACTS??,81174b68ca103967d949b1b27fc929cd,2025-11-25T07:06:28+00:00,2025-11-25T17:59:18.157037+00:00,193,t.me/thewolfcrypto1
32599,35491,"#WOLF_FREE_SIGNAL 👍

👍WOLF SCALPING TRADE RESULT

...✅

CLICK TO JOIN BITUNIX

#WE_STAND_WITH_PALESTINE",bac53e41f50da39fbe55cea8a17aea62,2025-11-25T07:02:47+00:00,2025-11-25T17:59:18.302012+00:00,193,t.me/thewolfcrypto1
32563,35490,⚡️👍,a5966a400c39ce350d5ec307ae9c0fa5,2025-11-25T07:01:54+00:00,2025-11-25T17:59:17.828648+00:00,193,t.me/thewolfcrypto1
32606,35489,"👍THE WOLF SCALPER👍

✔️COIN NAME: HEMI(USDT)

LEVER..._WITH_PALESTINE

REACTIONS?

CLICK TO JOIN BITUNIX",78850afff7e6112f595dcc3f3a8ff590,2025-11-25T06:59:31+00:00,2025-11-25T17:59:18.338138+00:00,193,t.me/thewolfcrypto1
32566,35488,"#WOLF_VIP_SIGNAL 👍

👍WOLF PREMIUM TRADE RESULT

💵#...👍

👑 @Wolfscalperadmin ✅

#WE_STAND_WITH_PALESTINE",26b024e2479629468c0b24cb7688b079,2025-11-25T06:58:58+00:00,2025-11-25T17:59:17.936443+00:00,193,t.me/thewolfcrypto1
32571,35487,COMPLETE 250 REACTS BROOO,e7046506cba31d21d17837bb24a19bc9,2025-11-25T06:48:25+00:00,2025-11-25T17:59:17.986804+00:00,193,t.me/thewolfcrypto1
32582,35485,"ASSALAMUALAIKUM

GOOD MORNING BROOO

WHO IS READY TO EARN TODAY LET ME KNOW

TAP TAP",853d6625d56e7c3e1f2c9003d9891ef3,2025-11-25T06:22:56+00:00,2025-11-25T17:59:18.145357+00:00,193,t.me/thewolfcrypto1
32586,35468,REACTS??,81174b68ca103967d949b1b27fc929cd,2025-11-24T19:23:48+00:00,2025-11-25T17:59:18.171547+00:00,193,t.me/thewolfcrypto1
32562,35466,"👍 THE WOLF (CRYPTO) 👍

TRADE RESULTS (24-11-25)

1...RY CLICK HERE

#WE_STAND_WITH_PALESTINE

REACTION?",e910fe2690a743682e46a0bbf6c08d9e,2025-11-24T18:42:06+00:00,2025-11-25T17:59:17.837378+00:00,193,t.me/thewolfcrypto1
32603,35465,"#WOLF_VIP_SIGNAL 👍

👍WOLF PREMIUM TRADE RESULT

💵#...👍

👑 @Wolfscalperadmin ✅

#WE_STAND_WITH_PALESTINE",2d6a2f8c1eace92bcb95608ab70d0944,2025-11-24T18:34:41+00:00,2025-11-25T17:59:18.333813+00:00,193,t.me/thewolfcrypto1
32605,35463,"#WOLF_FREE_SIGNAL 😎

👍#PARTI/USDT MADE US RICH ALH...IX

👑 @Wolfscalperadmin✅

#WE_STAND_WITH_PALESTINE",95729a61d2db8980f23add88a301c74f,2025-11-24T18:18:05+00:00,2025-11-25T17:59:18.339114+00:00,193,t.me/thewolfcrypto1
32576,35462,"BACK TO BACK GAINS 👑👍BROOOO 

MASSIVE ALHAMDULILAH",42c31023493894e117959f257671e3ac,2025-11-24T17:57:28+00:00,2025-11-25T17:59:18.043350+00:00,193,t.me/thewolfcrypto1
32556,35461,"#WOLF_VIP_SIGNAL 👍

👍WOLF PREMIUM TRADE RESULT

💵#...👍

👑 @Wolfscalperadmin ✅

#WE_STAND_WITH_PALESTINE",0094177dbe31f26b82d9939f70f97acc,2025-11-24T17:56:30+00:00,2025-11-25T17:59:17.736452+00:00,193,t.me/thewolfcrypto1
32552,35460,"#WOLF_VIP_SIGNAL 👍

👍WOLF PREMIUM TRADE RESULT

💵#...👍

👑 @Wolfscalperadmin ✅

#WE_STAND_WITH_PALESTINE",e90cce2575b808d6f00430df90892fcf,2025-11-24T17:48:15+00:00,2025-11-25T17:59:17.709969+00:00,193,t.me/thewolfcrypto1
34882,35660,"#WOLF_VIP_SIGNAL 👍

👍WOLF PREMIUM TRADE RESULT

💵#...👍

👑 @Wolfscalperadmin ✅

#WE_STAND_WITH_PALESTINE",995fddf9f810cf11977b2abf027d6997,2025-11-26T18:02:17+00:00,2025-11-26T18:21:09.029984+00:00,193,t.me/thewolfcrypto1
34894,35659,"#WOLF_VIP_SIGNAL 👑

MASSIVE 👍 PROFIT ALHAMDULILAH
...CLICK TO JOIN BITUNIX NOW

#WE_STAND_FOR_PALESTINE",657091f819baee65279d0358d1113613,2025-11-26T17:59:49+00:00,2025-11-26T18:21:09.185810+00:00,193,t.me/thewolfcrypto1
34895,35657,👍,0215ac4dab1ecaf71d83f98af5726984,2025-11-26T17:58:21+00:00,2025-11-26T18:21:09.188847+00:00,193,t.me/thewolfcrypto1
34907,35652,"#WOLF_VIP_SIGNAL 👍

👍WOLF PREMIUM TRADE RESULT

💵#...👍

👑 @Wolfscalperadmin ✅

#WE_STAND_WITH_PALESTINE",7e6f40f989cba859f7d9a57097e83a29,2025-11-26T16:55:47+00:00,2025-11-26T18:21:09.470236+00:00,193,t.me/thewolfcrypto1
34908,35650,"#WOLF_VIP_SIGNAL 👍

👍WOLF PREMIUM TRADE RESULT

💵#...👍

👑 @Wolfscalperadmin ✅

#WE_STAND_WITH_PALESTINE",c2e8d43299d17be2c129b26fb7c76a53,2025-11-26T16:31:10+00:00,2025-11-26T18:21:09.489425+00:00,193,t.me/thewolfcrypto1
34874,35648,"#WOLF_VIP_SIGNAL 👍

👍WOLF PREMIUM TRADE RESULT

💵#...👍

👑 @Wolfscalperadmin ✅

#WE_STAND_WITH_PALESTINE",c02ac9e40a94f308aa39309926fd1321,2025-11-26T16:03:27+00:00,2025-11-26T18:21:08.966456+00:00,193,t.me/thewolfcrypto1
34886,35647,"#WOLF_VIP_SIGNAL 😎

👍#H/USDT MADE US RICH ALHAMDUL...IX

👑 @Wolfscalperadmin✅

#WE_STAND_WITH_PALESTINE",a0f9f96d6cb156e10fb76afa60e44100,2025-11-26T15:31:44+00:00,2025-11-26T18:21:09.046822+00:00,193,t.me/thewolfcrypto1
34914,35646,👍,0215ac4dab1ecaf71d83f98af5726984,2025-11-26T15:28:51+00:00,2025-11-26T18:21:09.552511+00:00,193,t.me/thewolfcrypto1
34869,35645,"#WOLF_VIP_SIGNAL 👑

MASSIVE 👍 PROFIT ALHAMDULILAH
...CLICK TO JOIN BITUNIX NOW

#WE_STAND_FOR_PALESTINE",52e28b38925d43056b9b46f373f85347,2025-11-26T15:14:15+00:00,2025-11-26T18:21:08.891397+00:00,193,t.me/thewolfcrypto1
34881,35644,⚡️👍,a5966a400c39ce350d5ec307ae9c0fa5,2025-11-26T15:13:14+00:00,2025-11-26T18:21:09.022659+00:00,193,t.me/thewolfcrypto1
34933,35643,"#WOLF_VIP_SIGNAL 👍

👍WOLF PREMIUM TRADE RESULT

💵#...👍

👑 @Wolfscalperadmin ✅

#WE_STAND_WITH_PALESTINE",aafa403935dcf797ff166ba496b067ab,2025-11-26T15:09:22+00:00,2025-11-26T18:21:09.785511+00:00,193,t.me/thewolfcrypto1
34870,35642,"H LONG

HIGH RISKY",3e4d4787b08f2080673d1efb32ad97da,2025-11-26T15:07:15+00:00,2025-11-26T18:21:08.935392+00:00,193,t.me/thewolfcrypto1
34916,35641,"#WOLF_VIP_SIGNAL 👍

👍WOLF PREMIUM TRADE RESULT

💵#...👍

👑 @Wolfscalperadmin ✅

#WE_STAND_WITH_PALESTINE",243e5136c5556df5c64f584443831d59,2025-11-26T15:02:39+00:00,2025-11-26T18:21:09.564533+00:00,193,t.me/thewolfcrypto1
34925,35638,"I DONT HAVE WORDS TO😎 EXPLAIN YOU MY FEELINGS FOR ... AND FOR THIS SUCCESS👍⚡️

JUST MASSIVE MASHA ALLAH",25781d80619202c0898bb5d47dc67dcb,2025-11-26T14:15:48+00:00,2025-11-26T18:21:09.694673+00:00,193,t.me/thewolfcrypto1
34906,35637,"#WOLF_VIP_SIGNAL 😎

👍#TAC/USDT MADE US RICH ALHAMD...IX

👑 @Wolfscalperadmin✅

#WE_STAND_WITH_PALESTINE",9e6d28d689b7d76ae8743f122a9c300b,2025-11-26T14:14:09+00:00,2025-11-26T18:21:09.460285+00:00,193,t.me/thewolfcrypto1
34938,35634,"#WOLF_VIP_SIGNAL 👑

MASSIVE 👍 PROFIT ALHAMDULILAH
...CLICK TO JOIN BITUNIX NOW

#WE_STAND_FOR_PALESTINE",36a5ff8148ceb9c5b65fa454811ed1b8,2025-11-26T14:03:29+00:00,2025-11-26T18:21:09.867554+00:00,193,t.me/thewolfcrypto1
34865,35633,"BOOOMMMMMM BROOOOOOO⚡️👍

ALHAMDULILAH",24d3de79fc0a0209a68c3ba48d5caf93,2025-11-26T14:02:51+00:00,2025-11-26T18:21:08.555114+00:00,193,t.me/thewolfcrypto1
34879,35632,"#WOLF_VIP_SIGNAL 👑

MASSIVE 👍 PROFIT ALHAMDULILAH
...CLICK TO JOIN BITUNIX NOW

#WE_STAND_FOR_PALESTINE",0df48e418c9f7905a5a3f01e7177ad0a,2025-11-26T14:01:31+00:00,2025-11-26T18:21:09.007116+00:00,193,t.me/thewolfcrypto1
34868,35631,"#WOLF_VIP_SIGNAL 👑

MASSIVE 👍 PROFIT ALHAMDULILAH
...CLICK TO JOIN BITUNIX NOW

#WE_STAND_FOR_PALESTINE",0dbee1d0d2299563932b7da2ad782bff,2025-11-26T13:56:26+00:00,2025-11-26T18:21:08.880489+00:00,193,t.me/thewolfcrypto1
34891,35630,👍,0215ac4dab1ecaf71d83f98af5726984,2025-11-26T13:49:08+00:00,2025-11-26T18:21:09.181293+00:00,193,t.me/thewolfcrypto1
34866,35629,"MASSIVE MASSIVE MASSIVE ⚡️👍

ALHAMDULILAH",d9a2cf51931dc94a223c84a4ba553075,2025-11-26T13:42:04+00:00,2025-11-26T18:21:08.858179+00:00,193,t.me/thewolfcrypto1
34896,35628,"#WOLF_FREE_SIGNAL 👍

👍WOLF SCALPING TRADE RESULT

...✅

CLICK TO JOIN BITUNIX

#WE_STAND_WITH_PALESTINE",a0fd9685aaeeb06b09f2d7176a3f0a5c,2025-11-26T13:39:57+00:00,2025-11-26T18:21:09.195318+00:00,193,t.me/thewolfcrypto1
34867,35627,"#FREE_SIGNAL

MASSIVE 👍

+42.85% CONTINUE ALHAMDUL...KY CLOSE 75% TRADE NOW AND MOVE SL NEAR TO ENTRY 👑",e0ccd84a2d9cd8d0c0f58996e5daf29a,2025-11-26T13:38:48+00:00,2025-11-26T18:21:08.862254+00:00,193,t.me/thewolfcrypto1
34875,35625,"👍THE WOLF SCALPER👍

✔️COIN NAME: BANANAS31 (USDT)
...WITH_PALESTINE

REACTIONS?


CLICK TO JOIN BITUNIX",b036b87767dad70c4453c629325e87af,2025-11-26T13:30:47+00:00,2025-11-26T18:21:08.979893+00:00,193,t.me/thewolfcrypto1
34917,35624,"#WOLF_VIP_SIGNAL 👑

MASSIVE 👍 PROFIT ALHAMDULILAH
...CLICK TO JOIN BITUNIX NOW

#WE_STAND_FOR_PALESTINE",429487caddcf91fa6c08723bf8b32303,2025-11-26T13:25:36+00:00,2025-11-26T18:21:09.549466+00:00,193,t.me/thewolfcrypto1
34924,35623,"#WOLF_VIP_SIGNAL 👍

👍WOLF PREMIUM TRADE RESULT

💵#...👍

👑 @Wolfscalperadmin ✅

#WE_STAND_WITH_PALESTINE",0597e89eaa6f04639778951e9a7c91ad,2025-11-26T13:24:37+00:00,2025-11-26T18:21:09.687221+00:00,193,t.me/thewolfcrypto1
34877,35622,"#WOLF_VIP_SIGNAL 😎

👍#TAC/USDT MADE US RICH ALHAMD...IX

👑 @Wolfscalperadmin✅

#WE_STAND_WITH_PALESTINE",9e6d28d689b7d76ae8743f122a9c300b,2025-11-26T13:22:44+00:00,2025-11-26T18:21:08.992166+00:00,193,t.me/thewolfcrypto1
34937,35621,"#WOLF_VIP_SIGNAL 👑

MASSIVE 👍 PROFIT ALHAMDULILAH
...CLICK TO JOIN BITUNIX NOW

#WE_STAND_FOR_PALESTINE",62f13b135de74cb4ae73377b47c7f7e5,2025-11-26T13:13:35+00:00,2025-11-26T18:21:09.849420+00:00,193,t.me/thewolfcrypto1
34915,35619,"#WOLF_VIP_SIGNAL 👍

👍WOLF PREMIUM TRADE RESULT

💵#...👍

👑 @Wolfscalperadmin ✅

#WE_STAND_WITH_PALESTINE",279af29ef56de874030ee3c8796e5bf4,2025-11-26T12:28:57+00:00,2025-11-26T18:21:09.542834+00:00,193,t.me/thewolfcrypto1
34936,35618,"#WOLF_VIP_SIGNAL 👍

👍WOLF PREMIUM TRADE RESULT

💵#...👍

👑 @Wolfscalperadmin ✅

#WE_STAND_WITH_PALESTINE",5264c92b15c5ebf3f23fb4011735fb89,2025-11-26T12:18:04+00:00,2025-11-26T18:21:09.843266+00:00,193,t.me/thewolfcrypto1
34884,35616,"#WOLF_VIP_SIGNAL 👍

👍WOLF PREMIUM TRADE RESULT

💵#...👍

👑 @Wolfscalperadmin ✅

#WE_STAND_WITH_PALESTINE",e6d98cf550a68ca4a833b221eae87ec0,2025-11-26T11:59:40+00:00,2025-11-26T18:21:09.037047+00:00,193,t.me/thewolfcrypto1
34889,35615,"#WOLF_VIP_SIGNAL 👍

👍WOLF PREMIUM TRADE RESULT

💵#...👍

👑 @Wolfscalperadmin ✅

#WE_STAND_WITH_PALESTINE",f0bfb511b906cc326c38803b34b12176,2025-11-26T11:21:16+00:00,2025-11-26T18:21:09.142118+00:00,193,t.me/thewolfcrypto1
34887,35612,"#WOLF_VIP_SIGNAL 👍

👍WOLF PREMIUM TRADE RESULT

💵#...👍

👑 @Wolfscalperadmin ✅

#WE_STAND_WITH_PALESTINE",1fb18db61cf8f26afa89d02cc84134e2,2025-11-26T10:44:26+00:00,2025-11-26T18:21:09.047923+00:00,193,t.me/thewolfcrypto1
34904,35607,"#WOLF_VIP_SIGNAL 👑

MASSIVE 👍 PROFIT ALHAMDULILAH
...CLICK TO JOIN BITUNIX NOW

#WE_STAND_FOR_PALESTINE",bd246303f36b60529c1cc0a7492fd329,2025-11-26T09:51:01+00:00,2025-11-26T18:21:09.456897+00:00,193,t.me/thewolfcrypto1
34912,35604,"#WOLF_FREE_SIGNAL 👑

MASSIVE 👍 PROFIT ALHAMDULILAH...
💥 WOLF IS UNSTOPPABLE 💥

#WE_STAND_WITH_PALESTINE",1f52a4dbe0f3afa20438f89e4da9cf6c,2025-11-26T09:41:31+00:00,2025-11-26T18:21:09.511992+00:00,193,t.me/thewolfcrypto1
34922,35603,"#WOLF_VIP_SIGNAL 👍

👍WOLF PREMIUM TRADE RESULT

💵#...👍

👑 @Wolfscalperadmin ✅

#WE_STAND_WITH_PALESTINE",042de1043842d6064b42092bc29dfe7a,2025-11-26T09:34:29+00:00,2025-11-26T18:21:09.665843+00:00,193,t.me/thewolfcrypto1
34890,35602,👍,0215ac4dab1ecaf71d83f98af5726984,2025-11-26T09:33:16+00:00,2025-11-26T18:21:09.151424+00:00,193,t.me/thewolfcrypto1
34932,35599,"MASSIVE MASSIVE MASSIVE⚡️👍

ALHAMDULILAH",452bc35796f577919164dbc26f5e55cb,2025-11-26T08:57:09+00:00,2025-11-26T18:21:09.780226+00:00,193,t.me/thewolfcrypto1
34939,35598,"#WOLF_FREE_SIGNAL 👍

👍WOLF SCALPING TRADE RESULT

...✅

CLICK TO JOIN BITUNIX

#WE_STAND_WITH_PALESTINE",0f8d85bd7586f61a0fadfa71922057b9,2025-11-26T08:53:17+00:00,2025-11-26T18:21:09.903928+00:00,193,t.me/thewolfcrypto1
34919,35597,👍,0215ac4dab1ecaf71d83f98af5726984,2025-11-26T08:52:28+00:00,2025-11-26T18:21:09.652889+00:00,193,t.me/thewolfcrypto1
34928,35596,"THAT WAS #FREE BROOOOOO👍

ALHAMDULILAH",3583fdc9cde9ff3d22b7838c5dae1e8c,2025-11-26T08:46:57+00:00,2025-11-26T18:21:09.710744+00:00,193,t.me/thewolfcrypto1
34927,35594,"#WOLF_FREE_SIGNAL 👍

👍WOLF SCALPING TRADE RESULT

...✅

CLICK TO JOIN BITUNIX

#WE_STAND_WITH_PALESTINE",cd3bb078ef7cbd9fd19954e9be09dcf4,2025-11-26T08:45:32+00:00,2025-11-26T18:21:09.708461+00:00,193,t.me/thewolfcrypto1
34903,35593,REACTS BROO?,344d360bb246b0c2c573e075652818bc,2025-11-26T08:32:45+00:00,2025-11-26T18:21:09.454098+00:00,193,t.me/thewolfcrypto1
34901,35592,"#WOLF_FREE_SIGNAL 👍

👍WOLF SCALPING TRADE RESULT

...✅

CLICK TO JOIN BITUNIX

#WE_STAND_WITH_PALESTINE",12fa0395f0f087246d1062d3eeb1f440,2025-11-26T08:27:06+00:00,2025-11-26T18:21:09.373708+00:00,193,t.me/thewolfcrypto1
34872,35591,⚡️👍,a5966a400c39ce350d5ec307ae9c0fa5,2025-11-26T08:26:22+00:00,2025-11-26T18:21:08.952135+00:00,193,t.me/thewolfcrypto1
34935,35588,"👍THE WOLF SCALPER👍

✔️COIN NAME: RVV (USDT)

LEVER..._WITH_PALESTINE

REACTIONS?

CLICK TO JOIN BITUNIX",f6ee85ce45ae5da0d349820044be0505,2025-11-26T08:17:54+00:00,2025-11-26T18:21:09.827387+00:00,193,t.me/thewolfcrypto1
34898,35587,"#WOLF_VIP_SIGNAL 👍

👍WOLF PREMIUM TRADE RESULT

💵#...👍

👑 @Wolfscalperadmin ✅

#WE_STAND_WITH_PALESTINE",8e56dd1a2007788ee59de8c0ef113052,2025-11-26T08:09:53+00:00,2025-11-26T18:21:09.243151+00:00,193,t.me/thewolfcrypto1
34905,35581,COMPLETE 250 REACTS BROOO,e7046506cba31d21d17837bb24a19bc9,2025-11-26T06:28:32+00:00,2025-11-26T18:21:09.461178+00:00,193,t.me/thewolfcrypto1
34930,35578,"ASSALAMUALAIKUM

GOOD MORNING BROOO

WHO IS READY TO EARN TODAY LET ME KNOW

TAP TAP",853d6625d56e7c3e1f2c9003d9891ef3,2025-11-26T05:22:12+00:00,2025-11-26T18:21:09.739857+00:00,193,t.me/thewolfcrypto1
34934,35553,REACTS??,81174b68ca103967d949b1b27fc929cd,2025-11-25T19:08:14+00:00,2025-11-26T18:21:09.822092+00:00,193,t.me/thewolfcrypto1
37307,35735,REACTS??,81174b68ca103967d949b1b27fc929cd,2025-11-27T19:25:15+00:00,2025-11-27T19:51:23.709682+00:00,193,t.me/thewolfcrypto1
37276,35734,"👍 THE WOLF (CRYPTO) 👍

TRADE RESULTS (27-11-25)

1...RY CLICK HERE

#WE_STAND_WITH_PALESTINE

REACTION?",dbce340c776120375691a14b9753eafd,2025-11-27T18:56:01+00:00,2025-11-27T19:51:23.307645+00:00,193,t.me/thewolfcrypto1
37296,35731,"#WOLF_VIP_SIGNAL 👑

MASSIVE 👍 PROFIT ALHAMDULILAH
...CLICK TO JOIN BITUNIX NOW

#WE_STAND_FOR_PALESTINE",ff1869699758353f56e43f6df35a035e,2025-11-27T17:47:06+00:00,2025-11-27T19:51:23.651411+00:00,193,t.me/thewolfcrypto1
37257,35730,"#WOLF_VIP_SIGNAL 👑

MASSIVE 👍 PROFIT ALHAMDULILAH
...CLICK TO JOIN BITUNIX NOW

#WE_STAND_FOR_PALESTINE",a30d488a762766f7f13a46d6785405c4,2025-11-27T17:41:01+00:00,2025-11-27T19:51:22.731272+00:00,193,t.me/thewolfcrypto1
37313,35729,"#WOLF_VIP_SIGNAL 👍

👍WOLF PREMIUM TRADE RESULT

💵#...

👑 @Wolfscalperadmin ✅

#WE_STAND_WITH_PALESTINE#",ef3271f4d82ad6f7e2225454a06bd6a2,2025-11-27T17:38:32+00:00,2025-11-27T19:51:23.770063+00:00,193,t.me/thewolfcrypto1
37301,35728,"#WOLF_VIP_SIGNAL 👍

👍WOLF PREMIUM TRADE RESULT

💵#...

👑 @Wolfscalperadmin ✅

#WE_STAND_WITH_PALESTINE#",721c3c4c5723637cb476b81aa3f8fb3a,2025-11-27T17:12:34+00:00,2025-11-27T19:51:23.666507+00:00,193,t.me/thewolfcrypto1
37310,35726,"#WOLF_VIP_SIGNAL 👍

👍WOLF PREMIUM TRADE RESULT

💵#...

👑 @Wolfscalperadmin ✅

#WE_STAND_WITH_PALESTINE#",e20e4f88969b20b970ed6b0509f4771f,2025-11-27T16:59:23+00:00,2025-11-27T19:51:23.730142+00:00,193,t.me/thewolfcrypto1
37272,35725,"#WOLF_VIP_SIGNAL 👍

👍WOLF PREMIUM TRADE RESULT

💵#...

👑 @Wolfscalperadmin ✅

#WE_STAND_WITH_PALESTINE#",049709fbab05dea00093924261a9be18,2025-11-27T16:50:00+00:00,2025-11-27T19:51:23.110114+00:00,193,t.me/thewolfcrypto1
37300,35724,"#WOLF_VIP_SIGNAL 👍

👍WOLF PREMIUM TRADE RESULT

💵#...

👑 @Wolfscalperadmin ✅

#WE_STAND_WITH_PALESTINE#",98ba8fb0c8bd21ec82a06e1938585fe9,2025-11-27T16:23:09+00:00,2025-11-27T19:51:23.662508+00:00,193,t.me/thewolfcrypto1
37275,35711,"#WOLF_VIP_SIGNAL 👍

👍WOLF PREMIUM TRADE RESULT

💵#...👍

👑 @Wolfscalperadmin ✅

#WE_STAND_WITH_PALESTINE",a1e667003c0fff33f92f7506242fb863,2025-11-27T11:51:01+00:00,2025-11-27T19:51:23.303206+00:00,193,t.me/thewolfcrypto1
37273,35709,"#WOLF_FREE_SIGNAL 👍

👍WOLF SCALPING TRADE RESULT

...✅

CLICK TO JOIN BITUNIX

#WE_STAND_WITH_PALESTINE",3b76dd46e007a5cb878ed1b42781ed82,2025-11-27T11:31:08+00:00,2025-11-27T19:51:23.270492+00:00,193,t.me/thewolfcrypto1
37282,35708,"👍THE WOLF SCALPER👍

✔️COIN NAME: SUPER (USDT)

LEV..._WITH_PALESTINE

REACTIONS?

CLICK TO JOIN BITUNIX",1762aadd2b5555d4d29bda275fee7038,2025-11-27T11:28:35+00:00,2025-11-27T19:51:23.488063+00:00,193,t.me/thewolfcrypto1
37285,35698,WATCHING,ec8a55ef1fc99d4ef0df2e7f26121578,2025-11-27T09:04:29+00:00,2025-11-27T19:51:23.523932+00:00,193,t.me/thewolfcrypto1
37290,35689,"#WOLF_VIP_SIGNAL 👍

👍WOLF PREMIUM TRADE RESULT

💵#...👍

👑 @Wolfscalperadmin ✅

#WE_STAND_WITH_PALESTINE",110576e6ec82b2382600e0b21059d90e,2025-11-27T06:46:50+00:00,2025-11-27T19:51:23.634073+00:00,193,t.me/thewolfcrypto1
37298,35688,"#WOLF_VIP_SIGNAL 👍

👍WOLF PREMIUM TRADE RESULT

💵#...👍

👑 @Wolfscalperadmin ✅

#WE_STAND_WITH_PALESTINE",e09b30bcdb8ad488d3a6b4b549b54ffa,2025-11-27T06:18:26+00:00,2025-11-27T19:51:23.654178+00:00,193,t.me/thewolfcrypto1
37316,35687,"ASSALAMUALAIKUM

GOOD MORNING BROOO

WHO IS READY TO EARN TODAY LET ME KNOW

TAP TAP",853d6625d56e7c3e1f2c9003d9891ef3,2025-11-27T05:57:28+00:00,2025-11-27T19:51:23.852001+00:00,193,t.me/thewolfcrypto1
37287,35666,REACTS??,81174b68ca103967d949b1b27fc929cd,2025-11-26T20:08:03+00:00,2025-11-27T19:51:23.538983+00:00,193,t.me/thewolfcrypto1
37305,35665,"#WOLF_VIP_SIGNAL 👍

👍WOLF PREMIUM TRADE RESULT

💵#...👍

👑 @Wolfscalperadmin ✅

#WE_STAND_WITH_PALESTINE",463765a241492685db1392abdf885a90,2025-11-26T19:38:11+00:00,2025-11-27T19:51:23.692223+00:00,193,t.me/thewolfcrypto1
37314,35664,"#WOLF_VIP_SIGNAL 😎

👍#MERL/USDT MADE US RICH ALHAM...IX

👑 @Wolfscalperadmin✅

#WE_STAND_WITH_PALESTINE",737432da6e7b4c464b6becb3638c7dda,2025-11-26T19:14:01+00:00,2025-11-27T19:51:23.786485+00:00,193,t.me/thewolfcrypto1
37311,35663,"#WOLF_VIP_SIGNAL 👍

👍WOLF PREMIUM TRADE RESULT

💵#...👍

👑 @Wolfscalperadmin ✅

#WE_STAND_WITH_PALESTINE",cbf73ef01972ac8dfdc8458a014e3506,2025-11-26T19:09:47+00:00,2025-11-27T19:51:23.744329+00:00,193,t.me/thewolfcrypto1
37297,35662,"👍 THE WOLF (CRYPTO) 👍

TRADE RESULTS (26-11-25)

1...RY CLICK HERE

#WE_STAND_WITH_PALESTINE

REACTION?",69bddfc2ec8e7dfc26f764ca3f5089cd,2025-11-26T18:34:14+00:00,2025-11-27T19:51:23.652290+00:00,193,t.me/thewolfcrypto1
43991,35942,"👍THE WOLF SCALPER👍

✔️COIN NAME: HEI (USDT)

LEVER..._WITH_PALESTINE

REACTIONS?

CLICK TO JOIN BITUNIX",ff521c36734c7466335d4a994267f81b,2025-11-30T16:09:45+00:00,2025-11-30T19:43:56.312638+00:00,193,t.me/thewolfcrypto1
38928,35760,"👍THE WOLF SCALPER👍

✔️COIN NAME: ARC (USDT)

LEVER..._WITH_PALESTINE

REACTIONS?

CLICK TO JOIN BITUNIX",f30a47be923c7b3118cd92fdfc9b2141,2025-11-28T07:43:38+00:00,2025-11-28T20:27:42.831381+00:00,193,t.me/thewolfcrypto1
