id,external_id,message_preview,hash,published_at,created_at,source_id,source_name
19186,17682,"💥💥SUBSCRIBE TO CRYPTO SIGNALS VIP WITH CARD / USDT... A MONTH!!💥💥

⬇️⬇️⬇️⬇️⬇️⬇️⬇️⬇️⬇️⬇️⬇️⬇️⬇️⬇️⬇️⬇️⬇️⬇️",75e659225b0c28b77991d64af7ba8426,2025-11-15T13:21:03+00:00,2025-11-15T14:19:25.099416+00:00,32,@cryptosignals0rg
19184,17681,"Hey guys.

We had a steady performance in the cryp...ss our VIP community 🔗🔗

https://cryptosignals.org",dbd21231b668af4a286b239b82cbf656,2025-11-15T11:29:51+00:00,2025-11-15T14:19:25.075217+00:00,32,@cryptosignals0rg
19180,17680,What Is Hash Rate in Crypto Mining? Understanding ...erstanding-the-key-metric-behind-blockchain-power/,d464c96a01bd3bd738a268f96be9dc5f,2025-11-15T09:33:16+00:00,2025-11-15T14:19:24.810698+00:00,32,@cryptosignals0rg
19185,17679,"💥💥SUBSCRIBE TO CRYPTO SIGNALS VIP WITH CARD / USDT... A MONTH!!💥💥

⬇️⬇️⬇️⬇️⬇️⬇️⬇️⬇️⬇️⬇️⬇️⬇️⬇️⬇️⬇️⬇️⬇️⬇️",75e659225b0c28b77991d64af7ba8426,2025-11-15T08:21:02+00:00,2025-11-15T14:19:25.088113+00:00,32,@cryptosignals0rg
19182,17678,"🚀Hi Crypto Traders!🚀

At the present, ... The mark..., come to our VIP group, to see real-time profits.",55c0aa9b75ee3fa2c238c1142c18b68b,2025-11-15T06:25:51+00:00,2025-11-15T14:19:24.888355+00:00,32,@cryptosignals0rg
19183,17677,"💥💥SUBSCRIBE TO CRYPTO SIGNALS VIP WITH CARD / USDT... A MONTH!!💥💥

⬇️⬇️⬇️⬇️⬇️⬇️⬇️⬇️⬇️⬇️⬇️⬇️⬇️⬇️⬇️⬇️⬇️⬇️",75e659225b0c28b77991d64af7ba8426,2025-11-15T03:21:02+00:00,2025-11-15T14:19:24.954014+00:00,32,@cryptosignals0rg
19187,17676,"🌟 Free $20 + $500 Derivatives Airdrop Just For You...ee lifetime VIP access!

🔗 Start Now! - Join Bybit",9e286561aecac1cf492baa19c3763688,2025-11-15T01:38:02+00:00,2025-11-15T14:19:25.101146+00:00,32,@cryptosignals0rg
19181,17675,"💥💥SUBSCRIBE TO CRYPTO SIGNALS VIP WITH CARD / USDT... A MONTH!!💥💥

⬇️⬇️⬇️⬇️⬇️⬇️⬇️⬇️⬇️⬇️⬇️⬇️⬇️⬇️⬇️⬇️⬇️⬇️",75e659225b0c28b77991d64af7ba8426,2025-11-14T22:21:02+00:00,2025-11-15T14:19:24.877014+00:00,32,@cryptosignals0rg
18923,17673,Ethereum (ETH/USDT) Targets a Critical Resistance ...dt-targets-a-critical-resistance-level-whats-next/,6251d4c061a749d303a294df34796596,2025-11-14T19:33:32+00:00,2025-11-14T19:59:54.475753+00:00,32,@cryptosignals0rg
18926,17672,CHZUSD Accumulation Builds Near $0.03 Support as B...on-builds-near-0-03-support-as-bulls-eye-breakout/,0f19c7565c5998abd93052c5a2b24d0e,2025-11-14T19:28:07+00:00,2025-11-14T19:59:54.567651+00:00,32,@cryptosignals0rg
18924,17671,Decentraland Buyers Defend $0.215 Support as Range...efend-0-215-support-as-range-compression-persists/,3f467418e2a741d961f38d9a62d871ab,2025-11-14T19:24:33+00:00,2025-11-14T19:59:54.481945+00:00,32,@cryptosignals0rg
18925,17670,dYdX Market (DYDX/USD) Secures Strong Support at $...dx-market-dydx-usd-secures-strong-support-at-0-30/,b205c94258e2247eb9202c8a096cf9bf,2025-11-14T19:21:48+00:00,2025-11-14T19:59:54.533116+00:00,32,@cryptosignals0rg
18864,17668,"💥💥SUBSCRIBE TO CRYPTO SIGNALS VIP WITH CARD / USDT... A MONTH!!💥💥

⬇️⬇️⬇️⬇️⬇️⬇️⬇️⬇️⬇️⬇️⬇️⬇️⬇️⬇️⬇️⬇️⬇️⬇️",75e659225b0c28b77991d64af7ba8426,2025-11-14T12:21:02+00:00,2025-11-14T15:02:51.120327+00:00,32,@cryptosignals0rg
18882,17667,"💸 FREE $20 + $500 Derivatives Airdrop – LIMITED TI...FER  

🔗 SIGN UP BEFORE IT'S TOO LATE!  
JOIN HERE",7961cfbe2b309f2b3582c424cc5a7b4f,2025-11-14T10:02:02+00:00,2025-11-14T15:02:51.436689+00:00,32,@cryptosignals0rg
18845,17665,"💥💥SUBSCRIBE TO CRYPTO SIGNALS VIP WITH CARD / USDT... A MONTH!!💥💥

⬇️⬇️⬇️⬇️⬇️⬇️⬇️⬇️⬇️⬇️⬇️⬇️⬇️⬇️⬇️⬇️⬇️⬇️",75e659225b0c28b77991d64af7ba8426,2025-11-14T07:21:02+00:00,2025-11-14T07:50:10.026051+00:00,32,@cryptosignals0rg
18804,17662,"Cryptosignals.org Daily Crypto Overview

Bitcoin: ...n Digital Asset Treasury Firms: Report
-  Coindesk",e4565fa9220c2af2d76397308dcc7698,2025-11-13T23:08:14+00:00,2025-11-13T23:26:10.234839+00:00,32,@cryptosignals0rg
18756,17660,Professional traders understand the value of every...n up here and elevate your trading strategy today.,83680a45b5a0979853d2210cfd7e0311,2025-11-13T18:31:02+00:00,2025-11-13T18:45:47.189483+00:00,32,@cryptosignals0rg
18761,17659,"🚀🚀🚀Free Signal!🚀🚀🚀

Aerodrome Finance (AERO/USD) T...er will be closed if not triggered after 24 hours.",0f01e0af1cd7d06d4f8104f59773e225,2025-11-13T18:15:08+00:00,2025-11-13T18:45:47.464554+00:00,32,@cryptosignals0rg
18760,17658,Pi Network Shows Stabilization Near $0.18 Support ...-near-0-18-support-as-buyers-test-0-25-resistance/,de031517f4ce5076f9977b877818bce9,2025-11-13T18:14:09+00:00,2025-11-13T18:45:47.229651+00:00,32,@cryptosignals0rg
18755,17657,Aerodrome Finance (AERO/USD): Choppy Price Action ...aero-usd-choppy-price-action-around-the-1-20-mark/,73f1aad03cf01d2ae01a4ba6521cc0c3,2025-11-13T18:00:53+00:00,2025-11-13T18:45:47.188390+00:00,32,@cryptosignals0rg
18758,17656,Starknet (STRK/USD) Price Action Shifts Above $0.1.../starknet-strk-usd-price-action-shifts-above-0-15/,2749048b0c1215ff321cb9f2858c8fc7,2025-11-13T17:55:59+00:00,2025-11-13T18:45:47.218148+00:00,32,@cryptosignals0rg
18699,17654,"💥💥SUBSCRIBE TO CRYPTO SIGNALS VIP WITH CARD / USDT... A MONTH!!💥💥

⬇️⬇️⬇️⬇️⬇️⬇️⬇️⬇️⬇️⬇️⬇️⬇️⬇️⬇️⬇️⬇️⬇️⬇️",75e659225b0c28b77991d64af7ba8426,2025-11-13T11:21:02+00:00,2025-11-13T13:23:10.162709+00:00,32,@cryptosignals0rg
18700,17653,"Hyperliquid Trading Signal (Swing)

Instrument: HY...rder will be closed if not triggered in 24 hours..",0c7b410426feb3b95bec1d4e474ff1dc,2025-11-13T10:06:53+00:00,2025-11-13T13:23:10.180855+00:00,32,@cryptosignals0rg
18689,17651,"💥💥SUBSCRIBE TO CRYPTO SIGNALS VIP WITH CARD / USDT... A MONTH!!💥💥

⬇️⬇️⬇️⬇️⬇️⬇️⬇️⬇️⬇️⬇️⬇️⬇️⬇️⬇️⬇️⬇️⬇️⬇️",75e659225b0c28b77991d64af7ba8426,2025-11-13T06:21:02+00:00,2025-11-13T08:11:13.343069+00:00,32,@cryptosignals0rg
18671,17649,Cardano Gains Momentum as DeFi Growth Drive Expans...ano-gains-momentum-as-defi-growth-drive-expansion/,0067d5c97785fcff1b03559b9ab5a4d8,2025-11-13T01:48:47+00:00,2025-11-13T02:32:46.163715+00:00,32,@cryptosignals0rg
18624,17647,"💥💥SUBSCRIBE TO CRYPTO SIGNALS VIP WITH CARD / USDT... A MONTH!!💥💥

⬇️⬇️⬇️⬇️⬇️⬇️⬇️⬇️⬇️⬇️⬇️⬇️⬇️⬇️⬇️⬇️⬇️⬇️",75e659225b0c28b77991d64af7ba8426,2025-11-12T20:21:02+00:00,2025-11-12T21:17:17.460589+00:00,32,@cryptosignals0rg
18609,17645,Chiliz  (CHZ/USD) Momentum Weakens as Price Sinks ...mentum-weakens-as-price-sinks-below-range-support/,42c1e70d31a729aa0c5f933913460b08,2025-11-12T15:40:44+00:00,2025-11-12T16:45:24.260965+00:00,32,@cryptosignals0rg
18610,17644,Polkadot (DOT/USDT) Surges Over 2%: Bulls Eyeing $...ver-2-bulls-eyeing-3-45-resistance-after-breakout/,5072618befe07ed77ee6553c1ee71235,2025-11-12T15:32:06+00:00,2025-11-12T16:45:24.475797+00:00,32,@cryptosignals0rg
18611,17643,Litecoin (LTC) Price Prediction: LTC/USDT Retraces...ltc-usdt-retraces-downward-off-the-110-resistance/,1908b197ec414a9c0eb3818364627cc2,2025-11-12T15:28:46+00:00,2025-11-12T16:45:24.518282+00:00,32,@cryptosignals0rg
18564,17641,Enhance your Bybit trading with a $20 bonus + $500...hts! Click here to claim free lifetime VIP access!,e3025571cfccd717735a59247bdad57c,2025-11-12T12:06:02+00:00,2025-11-12T12:28:30.179485+00:00,32,@cryptosignals0rg
18539,17639,ETH Futures and Options Market Shows Bullish Senti...utures-and-options-market-shows-bullish-sentiment/,2f59d5ccb83e51bdfdda12f6f6db3f30,2025-11-12T06:38:01+00:00,2025-11-12T07:33:53.822695+00:00,32,@cryptosignals0rg
18540,17638,Privacy Coins Continue Strong Performance Against ...oins-continue-strong-performance-against-all-odds/,30311d6591bf0585fbd462bf4700738f,2025-11-12T06:33:41+00:00,2025-11-12T07:33:53.915349+00:00,32,@cryptosignals0rg
18535,17636,"💥💥SUBSCRIBE TO CRYPTO SIGNALS VIP WITH CARD / USDT... A MONTH!!💥💥

⬇️⬇️⬇️⬇️⬇️⬇️⬇️⬇️⬇️⬇️⬇️⬇️⬇️⬇️⬇️⬇️⬇️⬇️",75e659225b0c28b77991d64af7ba8426,2025-11-12T05:21:02+00:00,2025-11-12T06:22:45.415693+00:00,32,@cryptosignals0rg
18495,17634,"Cryptosignals.org Daily Crypto Overview

Bitcoin: ...ly’ as Fed Moyes Spur Volatility Hopes
-  Coindesk",26359a7d668a0f9553750fbf8e817564,2025-11-11T19:37:11+00:00,2025-11-11T20:33:12.576095+00:00,32,@cryptosignals0rg
18494,17633,"💥💥SUBSCRIBE TO CRYPTO SIGNALS VIP WITH CARD / USDT... A MONTH!!💥💥

⬇️⬇️⬇️⬇️⬇️⬇️⬇️⬇️⬇️⬇️⬇️⬇️⬇️⬇️⬇️⬇️⬇️⬇️",75e659225b0c28b77991d64af7ba8426,2025-11-11T19:21:02+00:00,2025-11-11T20:33:12.554323+00:00,32,@cryptosignals0rg
18461,17631,"💚💚💚Free Signal!💚💚💚

Dogecoin (DOGE) Trading Signal...er will be closed if not triggered after 24 hours.",617b5e15455f0e8052f61c1dc482c839,2025-11-11T17:51:25+00:00,2025-11-11T18:46:44.730174+00:00,32,@cryptosignals0rg
18463,17630,Dogecoin (DOGE) Price Prediction: DOGE/USDT Takes ...ction-doge-usdt-takes-small-steps-toward-recovery/,af0f678551b9d9ff85b62f2fccf2173b,2025-11-11T17:49:04+00:00,2025-11-11T18:46:44.737736+00:00,32,@cryptosignals0rg
18462,17629,"🐂🐂🐂Free Signal!🐂🐂🐂

XRP Trading Signal (Swing)

In...rder will be closed if not triggered in 24 hours..",8656081be304bbb0e9785b16ed4cbb0e,2025-11-11T17:46:26+00:00,2025-11-11T18:46:44.736298+00:00,32,@cryptosignals0rg
18464,17628,XRP (XRP/USDT) Shows Recovery Sign Amidst Market P...p-usdt-shows-recovery-sign-amidst-market-pullback/,4c0ba967a22323df7950ffe68fb17dea,2025-11-11T17:43:37+00:00,2025-11-11T18:46:44.757359+00:00,32,@cryptosignals0rg
18435,17626,"💥💥SUBSCRIBE TO CRYPTO SIGNALS VIP WITH CARD / USDT... A MONTH!!💥💥

⬇️⬇️⬇️⬇️⬇️⬇️⬇️⬇️⬇️⬇️⬇️⬇️⬇️⬇️⬇️⬇️⬇️⬇️",75e659225b0c28b77991d64af7ba8426,2025-11-11T14:21:03+00:00,2025-11-11T15:23:54.665804+00:00,32,@cryptosignals0rg
18377,17624,"🚀Hi Crypto Traders!🚀

At the present, ... The mark..., come to our VIP group, to see real-time profits.",003120adbd8e0f8fc48a3167b4680896,2025-11-11T05:38:18+00:00,2025-11-11T07:00:57.851560+00:00,32,@cryptosignals0rg
18359,17622,"📈 Enhance Your Trading Strategy!

Bybit is offerin... start trading with these exclusive bonuses today!",259aa63a6facd782b1a6a6317c21e9fc,2025-11-11T03:27:03+00:00,2025-11-11T03:33:50.899575+00:00,32,@cryptosignals0rg
18350,17620,"Bittensor (TAO): Why Its Breakout Matters

Somethi...tocurrency/bittensor-tao-why-its-breakout-matters/",cfc52cced4a3b162e5759ef14baab83e,2025-11-10T22:12:04+00:00,2025-11-10T22:48:51.537680+00:00,32,@cryptosignals0rg
18331,17618,"💥💥SUBSCRIBE TO CRYPTO SIGNALS VIP WITH CARD / USDT... A MONTH!!💥💥

⬇️⬇️⬇️⬇️⬇️⬇️⬇️⬇️⬇️⬇️⬇️⬇️⬇️⬇️⬇️⬇️⬇️⬇️",75e659225b0c28b77991d64af7ba8426,2025-11-10T18:21:02+00:00,2025-11-10T18:21:14.686906+00:00,32,@cryptosignals0rg
18316,17616,"💥💥SUBSCRIBE TO CRYPTO SIGNALS VIP WITH CARD / USDT... A MONTH!!💥💥

⬇️⬇️⬇️⬇️⬇️⬇️⬇️⬇️⬇️⬇️⬇️⬇️⬇️⬇️⬇️⬇️⬇️⬇️",75e659225b0c28b77991d64af7ba8426,2025-11-10T13:21:03+00:00,2025-11-10T13:50:24.019806+00:00,32,@cryptosignals0rg
18315,17615,Bitcoin Cash (BCH/USD) market sustains downward mo...ward-momentum-under-persistent-selling-conditions/,43b20b16b796a29b84bccdaac616258a,2025-11-10T12:53:29+00:00,2025-11-10T13:50:24.016629+00:00,32,@cryptosignals0rg
18317,17614,ChainLink (LINK/USDT) Faces $15.64 Resistance as P...usdt-faces-15-64-resistance-as-price-consolidates/,cff9cc839cceaba78214fdb589eb0cbf,2025-11-10T12:16:48+00:00,2025-11-10T13:50:24.030264+00:00,32,@cryptosignals0rg
18286,17612,"💥💥SUBSCRIBE TO CRYPTO SIGNALS VIP WITH CARD / USDT... A MONTH!!💥💥

⬇️⬇️⬇️⬇️⬇️⬇️⬇️⬇️⬇️⬇️⬇️⬇️⬇️⬇️⬇️⬇️⬇️⬇️",75e659225b0c28b77991d64af7ba8426,2025-11-10T08:21:03+00:00,2025-11-10T08:32:35.381735+00:00,32,@cryptosignals0rg
18260,17610,"💥💥SUBSCRIBE TO CRYPTO SIGNALS VIP WITH CARD / USDT... A MONTH!!💥💥

⬇️⬇️⬇️⬇️⬇️⬇️⬇️⬇️⬇️⬇️⬇️⬇️⬇️⬇️⬇️⬇️⬇️⬇️",75e659225b0c28b77991d64af7ba8426,2025-11-10T03:21:02+00:00,2025-11-10T04:22:02.028239+00:00,32,@cryptosignals0rg
18259,17609,"Top Five Trending Coins for Today: BEAT, HIGH, SPK...ing-coins-for-november-9-beat-high-spk-alice-bank/",3185b59ad8f96a4ef897804c2cfcecc9,2025-11-10T03:16:54+00:00,2025-11-10T04:22:02.022704+00:00,32,@cryptosignals0rg
18243,17607,"💥💥SUBSCRIBE TO CRYPTO SIGNALS VIP WITH CARD / USDT... A MONTH!!💥💥

⬇️⬇️⬇️⬇️⬇️⬇️⬇️⬇️⬇️⬇️⬇️⬇️⬇️⬇️⬇️⬇️⬇️⬇️",75e659225b0c28b77991d64af7ba8426,2025-11-09T22:21:02+00:00,2025-11-09T22:49:31.764523+00:00,32,@cryptosignals0rg
18195,17605,https://learn2.trade/trading-myths-and-facts-part-4,ef45886e4aab9aba4f06fb0fd9d8e4e3,2025-11-09T14:06:39+00:00,2025-11-09T14:43:44.740570+00:00,32,@cryptosignals0rg
18166,17603,"🎉 $20 FREE + $500 USDT AIRDROP! 🎉

🚀 Ready to Star...posit required for both bonuses!  

🔗 Sign Up Now!",809fb4aef37edbcb0bde4a60999479af,2025-11-09T11:40:02+00:00,2025-11-09T12:11:33.740524+00:00,32,@cryptosignals0rg
18128,17601,"OFFICIAL TRUMP Trading Signal (Swing)

Instrument:...920
Target: $10.420
Risk settings: 1%
R. R. R: 1:2",b6dcab4d21a09659858331ce3e388f2f,2025-11-09T06:27:22+00:00,2025-11-09T07:18:18.140630+00:00,32,@cryptosignals0rg
18126,17600,OFFICIAL TRUMP (TRUMP/USDT) Reveals Significant Up...veals-significant-upside-movement-amid-volatility/,ea47fea964c959fe87c59f4a1e20f467,2025-11-09T06:25:00+00:00,2025-11-09T07:18:17.689253+00:00,32,@cryptosignals0rg
18127,17599,"💥💥SUBSCRIBE TO CRYPTO SIGNALS VIP WITH CARD / USDT... A MONTH!!💥💥

⬇️⬇️⬇️⬇️⬇️⬇️⬇️⬇️⬇️⬇️⬇️⬇️⬇️⬇️⬇️⬇️⬇️⬇️",75e659225b0c28b77991d64af7ba8426,2025-11-09T02:21:01+00:00,2025-11-09T07:18:17.754483+00:00,32,@cryptosignals0rg
18067,17597,"💥💥SUBSCRIBE TO CRYPTO SIGNALS VIP WITH CARD / USDT... A MONTH!!💥💥

⬇️⬇️⬇️⬇️⬇️⬇️⬇️⬇️⬇️⬇️⬇️⬇️⬇️⬇️⬇️⬇️⬇️⬇️",75e659225b0c28b77991d64af7ba8426,2025-11-08T16:21:02+00:00,2025-11-08T16:45:26.192175+00:00,32,@cryptosignals0rg
18053,17596,"Hey guys.

We had a steady performance in the cryp...ss our VIP community 🔗🔗

https://cryptosignals.org",dbd21231b668af4a286b239b82cbf656,2025-11-08T12:42:42+00:00,2025-11-08T12:44:12.371718+00:00,32,@cryptosignals0rg
18001,17595,"💥💥SUBSCRIBE TO CRYPTO SIGNALS VIP WITH CARD / USDT... A MONTH!!💥💥

⬇️⬇️⬇️⬇️⬇️⬇️⬇️⬇️⬇️⬇️⬇️⬇️⬇️⬇️⬇️⬇️⬇️⬇️",75e659225b0c28b77991d64af7ba8426,2025-11-08T11:21:02+00:00,2025-11-08T11:43:57.661277+00:00,32,@cryptosignals0rg
18000,17594,Overconfidence: The Silent Trap That Misleads Many...idence-the-silent-trap-that-misleads-many-traders/,bc746fd63b029ec78f822d36a86e9365,2025-11-08T07:28:49+00:00,2025-11-08T11:43:57.648705+00:00,32,@cryptosignals0rg
18005,17593,Ripple and Mastercard Announce Blockchain-Based Pa...ce-blockchain-based-payment-settlement-initiative/,84c80c10649220242fff89df060a7d7d,2025-11-08T07:27:43+00:00,2025-11-08T11:43:57.935019+00:00,32,@cryptosignals0rg
18006,17592,"💥💥SUBSCRIBE TO CRYPTO SIGNALS VIP WITH CARD / USDT... A MONTH!!💥💥

⬇️⬇️⬇️⬇️⬇️⬇️⬇️⬇️⬇️⬇️⬇️⬇️⬇️⬇️⬇️⬇️⬇️⬇️",75e659225b0c28b77991d64af7ba8426,2025-11-08T06:21:02+00:00,2025-11-08T11:43:58.008893+00:00,32,@cryptosignals0rg
18004,17591,"🌟 Free $20 + $500 Derivatives Airdrop Just For You...ee lifetime VIP access!

🔗 Start Now! - Join Bybit",9e286561aecac1cf492baa19c3763688,2025-11-08T01:38:02+00:00,2025-11-08T11:43:57.919547+00:00,32,@cryptosignals0rg
18002,17590,"💥💥SUBSCRIBE TO CRYPTO SIGNALS VIP WITH CARD / USDT... A MONTH!!💥💥

⬇️⬇️⬇️⬇️⬇️⬇️⬇️⬇️⬇️⬇️⬇️⬇️⬇️⬇️⬇️⬇️⬇️⬇️",75e659225b0c28b77991d64af7ba8426,2025-11-08T01:21:02+00:00,2025-11-08T11:43:57.779827+00:00,32,@cryptosignals0rg
18003,17589,"Cryptosignals.org Daily Crypto Overview

Bitcoin: ...inked Token Towards $2.20 Defense Zone
-  Coindesk",541265fbdb5a1782b9e748521a232bc1,2025-11-07T21:57:50+00:00,2025-11-08T11:43:57.867788+00:00,32,@cryptosignals0rg
17973,17588,"💥💥SUBSCRIBE TO CRYPTO SIGNALS VIP WITH CARD / USDT... A MONTH!!💥💥

⬇️⬇️⬇️⬇️⬇️⬇️⬇️⬇️⬇️⬇️⬇️⬇️⬇️⬇️⬇️⬇️⬇️⬇️",75e659225b0c28b77991d64af7ba8426,2025-11-07T20:21:02+00:00,2025-11-07T20:38:59.357686+00:00,32,@cryptosignals0rg
17965,17587,"👍👍👍Free Signal!👍👍👍

Bitcoin Trade Signal (SWING)  ...
Target: $105260.12
My risk setting: 1%  
RRR: 1:2",f3778f9e0bac0d1774fe64ba31159e1c,2025-11-07T19:04:09+00:00,2025-11-07T19:38:30.418599+00:00,32,@cryptosignals0rg
17963,17586,Bitcoin (BTC) Price Prediction: BTC/USDT Heads Tow...rediction-btc-usdt-heads-toward-a-multi-month-low/,c164cc18b2f50263603e22a35a8002a2,2025-11-07T18:59:32+00:00,2025-11-07T19:38:28.007580+00:00,32,@cryptosignals0rg
17962,17585,Ethereum (ETH/USDT) Poised for Recovery Amid Marke...usdt-poised-for-recovery-amid-market-fluctuations/,7537ffd78bbf1d321c1cea1c6883fb3b,2025-11-07T18:55:50+00:00,2025-11-07T19:38:27.872476+00:00,32,@cryptosignals0rg
17964,17584,Near Protocol (NEAR/USD) Skyrockets — A Bullish Se...r-usd-skyrockets-a-bullish-season-may-be-underway/,04dd1dad45b8d77b26057ba21bd145c9,2025-11-07T18:55:05+00:00,2025-11-07T19:38:28.029976+00:00,32,@cryptosignals0rg
17910,17583,"💥💥SUBSCRIBE TO CRYPTO SIGNALS VIP WITH CARD / USDT... A MONTH!!💥💥

⬇️⬇️⬇️⬇️⬇️⬇️⬇️⬇️⬇️⬇️⬇️⬇️⬇️⬇️⬇️⬇️⬇️⬇️",75e659225b0c28b77991d64af7ba8426,2025-11-07T15:21:02+00:00,2025-11-07T15:35:29.291142+00:00,32,@cryptosignals0rg
17845,17582,"💥💥SUBSCRIBE TO CRYPTO SIGNALS VIP WITH CARD / USDT... A MONTH!!💥💥

⬇️⬇️⬇️⬇️⬇️⬇️⬇️⬇️⬇️⬇️⬇️⬇️⬇️⬇️⬇️⬇️⬇️⬇️",75e659225b0c28b77991d64af7ba8426,2025-11-07T10:21:02+00:00,2025-11-07T11:18:36.668005+00:00,32,@cryptosignals0rg
17844,17581,"💸 FREE $20 + $500 Derivatives Airdrop – LIMITED TI...FER  

🔗 SIGN UP BEFORE IT'S TOO LATE!  
JOIN HERE",7961cfbe2b309f2b3582c424cc5a7b4f,2025-11-07T10:02:02+00:00,2025-11-07T11:18:36.647669+00:00,32,@cryptosignals0rg
17847,17580,"Cryptosignals.org Daily Crypto Overview

Bitcoin: ...491.80 After Breaking $487 Resistance 
-  Coindesk",7399010bae0147a051f818f991ac1fd6,2025-11-07T07:58:56+00:00,2025-11-07T11:18:36.980177+00:00,32,@cryptosignals0rg
17849,17579,"💥💥SUBSCRIBE TO CRYPTO SIGNALS VIP WITH CARD / USDT... A MONTH!!💥💥

⬇️⬇️⬇️⬇️⬇️⬇️⬇️⬇️⬇️⬇️⬇️⬇️⬇️⬇️⬇️⬇️⬇️⬇️",75e659225b0c28b77991d64af7ba8426,2025-11-07T05:21:01+00:00,2025-11-07T11:18:37.050413+00:00,32,@cryptosignals0rg
17846,17578,"Hyperliquid Trading Signal (Swing)

Instrument: HY...rder will be closed if not triggered in 24 hours..",7f2b03c656c04cbc4236f73e20a3ec10,2025-11-07T03:08:24+00:00,2025-11-07T11:18:36.890220+00:00,32,@cryptosignals0rg
17850,17577,Hyperliquid (HYPE/USDT) Faces Correction After Str...uid-hype-usdt-faces-correction-after-strong-rally/,d18ea17a3864eedc48bfbbac2a1b4d9d,2025-11-07T03:07:02+00:00,2025-11-07T11:18:37.147438+00:00,32,@cryptosignals0rg
17848,17576,"💥💥SUBSCRIBE TO CRYPTO SIGNALS VIP WITH CARD / USDT... A MONTH!!💥💥

⬇️⬇️⬇️⬇️⬇️⬇️⬇️⬇️⬇️⬇️⬇️⬇️⬇️⬇️⬇️⬇️⬇️⬇️",75e659225b0c28b77991d64af7ba8426,2025-11-07T00:21:02+00:00,2025-11-07T11:18:36.984167+00:00,32,@cryptosignals0rg
17787,17575,"💥💥SUBSCRIBE TO CRYPTO SIGNALS VIP WITH CARD / USDT... A MONTH!!💥💥

⬇️⬇️⬇️⬇️⬇️⬇️⬇️⬇️⬇️⬇️⬇️⬇️⬇️⬇️⬇️⬇️⬇️⬇️",75e659225b0c28b77991d64af7ba8426,2025-11-06T19:21:02+00:00,2025-11-06T20:13:22.466477+00:00,32,@cryptosignals0rg
17782,17574,Professional traders understand the value of every...n up here and elevate your trading strategy today.,83680a45b5a0979853d2210cfd7e0311,2025-11-06T18:31:02+00:00,2025-11-06T19:12:19.553344+00:00,32,@cryptosignals0rg
17777,17573,"🚀Hi Crypto Traders!🚀

At the present, ... The mark..., come to our VIP group, to see real-time profits.",4dcd84b079a4d188d9bcc8c82ec712c0,2025-11-06T16:13:06+00:00,2025-11-06T17:11:24.724152+00:00,32,@cryptosignals0rg
17754,17572,Toncoin (TON/USD) Falls Back to the $2.00 Critical...ical-price-level-to-regroup-for-the-next-bull-run/,c1bd614ddcf778fd505fdd53550cae0f,2025-11-06T14:44:25+00:00,2025-11-06T15:09:52.897366+00:00,32,@cryptosignals0rg
17755,17571,Quant (QNT/USD): A Potential End to the Bear Marke.../quant-qnt-usd-a-potential-end-to-the-bear-market/,83ec83c2f60dcf2be830230731d8a40c,2025-11-06T14:25:22+00:00,2025-11-06T15:09:52.898502+00:00,32,@cryptosignals0rg
17757,17570,"💥💥SUBSCRIBE TO CRYPTO SIGNALS VIP WITH CARD / USDT... A MONTH!!💥💥

⬇️⬇️⬇️⬇️⬇️⬇️⬇️⬇️⬇️⬇️⬇️⬇️⬇️⬇️⬇️⬇️⬇️⬇️",75e659225b0c28b77991d64af7ba8426,2025-11-06T14:21:02+00:00,2025-11-06T15:09:53.668561+00:00,32,@cryptosignals0rg
17756,17567,Bitcoin (BTC/USD) Tests Key Support After Sharp Se...in-btc-usd-tests-key-support-after-sharp-sell-off/,db0fd4913b52cde9683d17a568dd25ad,2025-11-06T14:18:10+00:00,2025-11-06T15:09:53.204552+00:00,32,@cryptosignals0rg
17688,17566,"💥💥SUBSCRIBE TO CRYPTO SIGNALS VIP WITH CARD / USDT... A MONTH!!💥💥

⬇️⬇️⬇️⬇️⬇️⬇️⬇️⬇️⬇️⬇️⬇️⬇️⬇️⬇️⬇️⬇️⬇️⬇️",75e659225b0c28b77991d64af7ba8426,2025-11-06T09:21:01+00:00,2025-11-06T11:07:31.203401+00:00,32,@cryptosignals0rg
17689,17565,"Balancer DeFi Platform Hit by Major Exploit

Balan.../news/balancer-defi-platform-hit-by-major-exploit/",44e4bf468ee910e9a5aecc01eb53efc2,2025-11-06T06:18:32+00:00,2025-11-06T11:07:31.220219+00:00,32,@cryptosignals0rg
17692,17564,Ripple Closes Massive $500M Funding Round at $40B ...loses-massive-500m-funding-round-at-40b-valuation/,ecec8018fc3283d5292eebb620624f2f,2025-11-06T06:17:06+00:00,2025-11-06T11:07:31.702735+00:00,32,@cryptosignals0rg
17691,17563,"💥💥SUBSCRIBE TO CRYPTO SIGNALS VIP WITH CARD / USDT... A MONTH!!💥💥

⬇️⬇️⬇️⬇️⬇️⬇️⬇️⬇️⬇️⬇️⬇️⬇️⬇️⬇️⬇️⬇️⬇️⬇️",75e659225b0c28b77991d64af7ba8426,2025-11-06T04:21:01+00:00,2025-11-06T11:07:31.553329+00:00,32,@cryptosignals0rg
17690,17562,"💥💥SUBSCRIBE TO CRYPTO SIGNALS VIP WITH CARD / USDT... A MONTH!!💥💥

⬇️⬇️⬇️⬇️⬇️⬇️⬇️⬇️⬇️⬇️⬇️⬇️⬇️⬇️⬇️⬇️⬇️⬇️",75e659225b0c28b77991d64af7ba8426,2025-11-05T23:21:02+00:00,2025-11-06T11:07:31.535961+00:00,32,@cryptosignals0rg
16928,17561,"💥💥SUBSCRIBE TO CRYPTO SIGNALS VIP WITH CARD / USDT... A MONTH!!💥💥

⬇️⬇️⬇️⬇️⬇️⬇️⬇️⬇️⬇️⬇️⬇️⬇️⬇️⬇️⬇️⬇️⬇️⬇️",75e659225b0c28b77991d64af7ba8426,2025-11-05T18:21:02+00:00,2025-11-05T19:17:11.494937+00:00,32,@cryptosignals0rg
16913,17560,"Cryptosignals.org Daily Crypto Overview

Bitcoin: ...wn almost $1M Betting against Mamdani 
-  Coindesk",d70fa7fbd31307cc5aae37fceb71f3ba,2025-11-05T17:00:50+00:00,2025-11-05T17:04:56.808427+00:00,32,@cryptosignals0rg
16877,17559,"❤️❤️❤️Free Signal!❤️❤️❤️

Bybit Premium Signal  
 ...: https://partner.bybit.com/b/cryptosignalstrading",6eedf25c9a2062da2c67adaace2c19b4,2025-11-05T13:28:44+00:00,2025-11-05T13:50:07.816929+00:00,32,@cryptosignals0rg
16880,17558,PI/USD Fading Bounce As Liquidity Collapse Persist...-usd-fading-bounce-as-liquidity-collapse-persists/,2fee20570e71efd359911f0c66a16fb5,2025-11-05T13:26:45+00:00,2025-11-05T13:50:08.035656+00:00,32,@cryptosignals0rg
16879,17557,"💥💥SUBSCRIBE TO CRYPTO SIGNALS VIP WITH CARD / USDT... A MONTH!!💥💥

⬇️⬇️⬇️⬇️⬇️⬇️⬇️⬇️⬇️⬇️⬇️⬇️⬇️⬇️⬇️⬇️⬇️⬇️",75e659225b0c28b77991d64af7ba8426,2025-11-05T13:21:01+00:00,2025-11-05T13:50:08.025878+00:00,32,@cryptosignals0rg
16878,17556,XRP (XRP/USDT) Faces Critical Resistance After Bul...sdt-faces-critical-resistance-after-bullish-surge/,887f10c28e612077864b8909da95349b,2025-11-05T13:19:30+00:00,2025-11-05T13:50:08.024507+00:00,32,@cryptosignals0rg
16881,17555,Dogecoin (DOGE) Price Prediction: DOGE/USDT Bears ...-doge-usdt-bears-breach-a-month-old-support-level/,5d508c0bba062fa2ba1d4072e37d57f8,2025-11-05T13:03:04+00:00,2025-11-05T13:50:08.173247+00:00,32,@cryptosignals0rg
16869,17554,Enhance your Bybit trading with a $20 bonus + $500...hts! Click here to claim free lifetime VIP access!,e3025571cfccd717735a59247bdad57c,2025-11-05T12:06:02+00:00,2025-11-05T12:46:42.691262+00:00,32,@cryptosignals0rg
16823,17553,"💥💥SUBSCRIBE TO CRYPTO SIGNALS VIP WITH CARD / USDT... A MONTH!!💥💥

⬇️⬇️⬇️⬇️⬇️⬇️⬇️⬇️⬇️⬇️⬇️⬇️⬇️⬇️⬇️⬇️⬇️⬇️",75e659225b0c28b77991d64af7ba8426,2025-11-05T08:21:02+00:00,2025-11-05T10:40:51.348470+00:00,32,@cryptosignals0rg
16825,17552,"PENDING ORDERS HELP OUR TRADING RESULTS!

Apart fr... you're able to avoid. 

May your trades be green!",ff336316cd960f1f5c3aca4795ab83d1,2025-11-05T06:33:18+00:00,2025-11-05T10:40:51.402013+00:00,32,@cryptosignals0rg
16824,17551,"Cryptosignals.org Daily Crypto Overview

Bitcoin: ...ointelegraph 

XRP Nears ‘Death Cross’
-  Coindesk",89eca1320aca5bfd071597b861f56d02,2025-11-05T04:58:44+00:00,2025-11-05T10:40:51.398654+00:00,32,@cryptosignals0rg
16827,17550,"💥💥SUBSCRIBE TO CRYPTO SIGNALS VIP WITH CARD / USDT... A MONTH!!💥💥

⬇️⬇️⬇️⬇️⬇️⬇️⬇️⬇️⬇️⬇️⬇️⬇️⬇️⬇️⬇️⬇️⬇️⬇️",75e659225b0c28b77991d64af7ba8426,2025-11-05T03:21:02+00:00,2025-11-05T10:40:51.511147+00:00,32,@cryptosignals0rg
16826,17549,"💥💥SUBSCRIBE TO CRYPTO SIGNALS VIP WITH CARD / USDT... A MONTH!!💥💥

⬇️⬇️⬇️⬇️⬇️⬇️⬇️⬇️⬇️⬇️⬇️⬇️⬇️⬇️⬇️⬇️⬇️⬇️",75e659225b0c28b77991d64af7ba8426,2025-11-04T22:21:02+00:00,2025-11-05T10:40:51.502252+00:00,32,@cryptosignals0rg
16828,17548,The Hidden Barrier to Trading Success: Self-Sabota...r-to-trading-success-self-sabotage-in-the-markets/,3c5da054cd39b24ad1c88ab05fe0ad52,2025-11-04T21:56:11+00:00,2025-11-05T10:40:51.527833+00:00,32,@cryptosignals0rg
16830,17547,Revolut Introduces 1:1 Conversion for USD and Stab...-introduces-11-conversion-for-usd-and-stablecoins/,c66012c76ead945d24b8a9d38d57f1a9,2025-11-04T21:55:27+00:00,2025-11-05T10:40:51.540072+00:00,32,@cryptosignals0rg
16829,17546,Lucky Block (LBLOCK/USD) Market Poised for Strateg...poised-for-strategic-bullish-reversal-opportunity/,69b65884d6963f06458c555a4a9abc86,2025-11-04T21:53:47+00:00,2025-11-05T10:40:51.538351+00:00,32,@cryptosignals0rg
16764,17545,"💥💥SUBSCRIBE TO CRYPTO SIGNALS VIP WITH CARD / USDT... A MONTH!!💥💥

⬇️⬇️⬇️⬇️⬇️⬇️⬇️⬇️⬇️⬇️⬇️⬇️⬇️⬇️⬇️⬇️⬇️⬇️",75e659225b0c28b77991d64af7ba8426,2025-11-04T17:21:01+00:00,2025-11-04T17:22:24.836065+00:00,32,@cryptosignals0rg
16758,17544,"🚀Hi Crypto Traders!🚀

At the present, ... The mark..., come to our VIP group, to see real-time profits.",b3fc73d20a50993aea0205877c189eca,2025-11-04T15:26:42+00:00,2025-11-04T16:17:57.848501+00:00,32,@cryptosignals0rg
16748,17543,POL (prev. MATIC) Price Prediction: POL/USDT Stays...-matic-price-prediction-pol-usdt-stays-southwards/,c9d8e22541fc1bbf5eb54e38a84bd80b,2025-11-04T15:03:58+00:00,2025-11-04T15:14:06.350298+00:00,32,@cryptosignals0rg
16749,17542,Sui (SUI/USD) Market Extends Decline Amid Sustaine...ecline-amid-sustained-downside-technical-pressure/,ddda9395465f50e5b2be5cf765ba7b7a,2025-11-04T14:52:59+00:00,2025-11-04T15:14:06.353900+00:00,32,@cryptosignals0rg
16743,17541,Stellar (XLM/USD) Market Shows Renewed Upside Mome...upside-momentum-amid-strengthening-buyer-interest/,4511bd5c7dfac78cb39ccb639528136f,2025-11-04T13:34:15+00:00,2025-11-04T14:10:08.320586+00:00,32,@cryptosignals0rg
16737,17540,"💥💥SUBSCRIBE TO CRYPTO SIGNALS VIP WITH CARD / USDT... A MONTH!!💥💥

⬇️⬇️⬇️⬇️⬇️⬇️⬇️⬇️⬇️⬇️⬇️⬇️⬇️⬇️⬇️⬇️⬇️⬇️",75e659225b0c28b77991d64af7ba8426,2025-11-04T12:21:02+00:00,2025-11-04T13:02:50.877739+00:00,32,@cryptosignals0rg
16708,17539,"💥💥SUBSCRIBE TO CRYPTO SIGNALS VIP WITH CARD / USDT... A MONTH!!💥💥

⬇️⬇️⬇️⬇️⬇️⬇️⬇️⬇️⬇️⬇️⬇️⬇️⬇️⬇️⬇️⬇️⬇️⬇️",75e659225b0c28b77991d64af7ba8426,2025-11-04T07:21:02+00:00,2025-11-04T07:40:02.711542+00:00,32,@cryptosignals0rg
16674,17538,"📈 Enhance Your Trading Strategy!

Bybit is offerin... start trading with these exclusive bonuses today!",259aa63a6facd782b1a6a6317c21e9fc,2025-11-04T03:27:02+00:00,2025-11-04T03:27:04.467156+00:00,32,@cryptosignals0rg
16671,17537,"💥💥SUBSCRIBE TO CRYPTO SIGNALS VIP WITH CARD / USDT... A MONTH!!💥💥

⬇️⬇️⬇️⬇️⬇️⬇️⬇️⬇️⬇️⬇️⬇️⬇️⬇️⬇️⬇️⬇️⬇️⬇️",75e659225b0c28b77991d64af7ba8426,2025-11-04T02:21:01+00:00,2025-11-04T02:23:49.203789+00:00,32,@cryptosignals0rg
5515,17536,"💥💥SUBSCRIBE TO CRYPTO SIGNALS VIP WITH CARD / USDT... A MONTH!!💥💥

⬇️⬇️⬇️⬇️⬇️⬇️⬇️⬇️⬇️⬇️⬇️⬇️⬇️⬇️⬇️⬇️⬇️⬇️",75e659225b0c28b77991d64af7ba8426,2025-11-03T21:21:01+00:00,2025-11-03T23:09:39.537799+00:00,32,@cryptosignals0rg
5513,17535,"Understanding Mining Difficulty

Mining difficulty...echnical-analysis/understanding-mining-difficulty/",2581160ad1daa752e80d08b080ed0755,2025-11-03T20:40:06+00:00,2025-11-03T23:09:39.534472+00:00,32,@cryptosignals0rg
5530,17534,"Cryptosignals.org Daily Crypto Overview

Bitcoin: ...5 Rejections Define Next Breakout Zone
-  Coindesk",f1ebdd61ca9a280b97472eb83ddf5bf3,2025-11-03T17:26:06+00:00,2025-11-03T23:09:39.833588+00:00,32,@cryptosignals0rg
5522,17533,"🐋 Win free Crypto Whale Pumps Premium every single...zes!!!

Spin every 24 hours for a chance to win!!!",73d1516e8bb2840368f52811d9e3a058,2025-11-03T16:58:02+00:00,2025-11-03T23:09:39.765413+00:00,32,@cryptosignals0rg
5514,17532,"💥💥SUBSCRIBE TO CRYPTO SIGNALS VIP WITH CARD / USDT... A MONTH!!💥💥

⬇️⬇️⬇️⬇️⬇️⬇️⬇️⬇️⬇️⬇️⬇️⬇️⬇️⬇️⬇️⬇️⬇️⬇️",75e659225b0c28b77991d64af7ba8426,2025-11-03T16:21:03+00:00,2025-11-03T23:09:39.535098+00:00,32,@cryptosignals0rg
5531,17531,"🔥🔥🔥Free Signal!🔥🔥🔥

Bybit Premium Signal  
  
Pepe... 
https://partner.bybit.com/b/cryptosignalstrading",a66eec6c7e1a4763fabbd2c92d4301b7,2025-11-03T14:02:56+00:00,2025-11-03T23:09:39.835562+00:00,32,@cryptosignals0rg
5525,17530,Chainlink (LINK/USDT) Consolidates with Potential ...consolidates-with-potential-upside-price-movement/,b90563060f56cdc7e7d763e4564e46d6,2025-11-03T13:58:13+00:00,2025-11-03T23:09:39.773905+00:00,32,@cryptosignals0rg
5516,17529,PEPE Faces Critical Support As Bearish Momentum Pe...aces-critical-support-as-bearish-momentum-persist/,1cd07352c525dab9444be53ddaeb74de,2025-11-03T13:50:37+00:00,2025-11-03T23:09:39.542087+00:00,32,@cryptosignals0rg
5527,17528,Chiliz (CHZ/USD) Sellers Maintain Pressure Near Ra...hz-usd-sellers-maintain-pressure-near-range-floor/,27978770bf7ebca4ec5899f3a6143a7c,2025-11-03T13:11:35+00:00,2025-11-03T23:09:39.782138+00:00,32,@cryptosignals0rg
5520,17527,"💥💥SUBSCRIBE TO CRYPTO SIGNALS VIP WITH CARD / USDT... A MONTH!!💥💥

⬇️⬇️⬇️⬇️⬇️⬇️⬇️⬇️⬇️⬇️⬇️⬇️⬇️⬇️⬇️⬇️⬇️⬇️",75e659225b0c28b77991d64af7ba8426,2025-11-03T11:21:02+00:00,2025-11-03T23:09:39.747326+00:00,32,@cryptosignals0rg
5523,17526,"☀️ Brighten Your Monday with a FREE $20 + $500 Air...ifetime VIP access!

Don’t miss out – grab it now!",67c9e8ac0fde25bb174350c627d5bfd2,2025-11-03T08:05:02+00:00,2025-11-03T23:09:39.763911+00:00,32,@cryptosignals0rg
5534,17525,"💥💥SUBSCRIBE TO CRYPTO SIGNALS VIP WITH CARD / USDT... A MONTH!!💥💥

⬇️⬇️⬇️⬇️⬇️⬇️⬇️⬇️⬇️⬇️⬇️⬇️⬇️⬇️⬇️⬇️⬇️⬇️",75e659225b0c28b77991d64af7ba8426,2025-11-03T06:21:01+00:00,2025-11-03T23:09:39.846491+00:00,32,@cryptosignals0rg
5517,17524,"Top Five Trending Coins for Today: ANOMA, TRUMP, D...coins-for-november-1-anoma-trump-dash-virtual-zen/",8ccc68a1292f7a7ba6bd3c4ebe48e802,2025-11-03T04:46:09+00:00,2025-11-03T23:09:39.684832+00:00,32,@cryptosignals0rg
5519,17523,"The World’s Most Reliable Indicator — Truly

From ...analysis/the-worlds-most-reliable-indicator-truly/",99929d7e9437e8df39942a7a21cb0308,2025-11-03T04:36:28+00:00,2025-11-03T23:09:39.714435+00:00,32,@cryptosignals0rg
5532,17522,"💥💥SUBSCRIBE TO CRYPTO SIGNALS VIP WITH CARD / USDT... A MONTH!!💥💥

⬇️⬇️⬇️⬇️⬇️⬇️⬇️⬇️⬇️⬇️⬇️⬇️⬇️⬇️⬇️⬇️⬇️⬇️",75e659225b0c28b77991d64af7ba8426,2025-11-03T01:21:02+00:00,2025-11-03T23:09:39.838172+00:00,32,@cryptosignals0rg
5536,17521,"💥💥SUBSCRIBE TO CRYPTO SIGNALS VIP WITH CARD / USDT... A MONTH!!💥💥

⬇️⬇️⬇️⬇️⬇️⬇️⬇️⬇️⬇️⬇️⬇️⬇️⬇️⬇️⬇️⬇️⬇️⬇️",75e659225b0c28b77991d64af7ba8426,2025-11-02T20:21:01+00:00,2025-11-03T23:09:39.855173+00:00,32,@cryptosignals0rg
5529,17520,You must believe that a trading system or a piece ...ttps://learn2.trade/trading-myths-and-facts-part-3,195e66aaf0f6e5dd8405c5ddc9d6ae4e,2025-11-02T16:00:01+00:00,2025-11-03T23:09:39.824189+00:00,32,@cryptosignals0rg
5518,17519,People often make a mistake by thinking that they ...te contrary time-tested evidence shown by reality.,be041dbf22f9e8f4146ecd529bf3e4db,2025-11-02T15:58:54+00:00,2025-11-03T23:09:39.716309+00:00,32,@cryptosignals0rg
5524,17518,I am personally interested in demonstrating how I ...eople had gone mute about these ‘magical systems’.,e25bf6a0a69c2c185084be78ec945240,2025-11-02T15:56:43+00:00,2025-11-03T23:09:39.773085+00:00,32,@cryptosignals0rg
5533,17517,"💥💥SUBSCRIBE TO CRYPTO SIGNALS VIP WITH CARD / USDT... A MONTH!!💥💥

⬇️⬇️⬇️⬇️⬇️⬇️⬇️⬇️⬇️⬇️⬇️⬇️⬇️⬇️⬇️⬇️⬇️⬇️",75e659225b0c28b77991d64af7ba8426,2025-11-02T15:21:02+00:00,2025-11-03T23:09:39.841644+00:00,32,@cryptosignals0rg
5526,17516,"🎉 $20 FREE + $500 USDT AIRDROP! 🎉

🚀 Ready to Star...posit required for both bonuses!  

🔗 Sign Up Now!",809fb4aef37edbcb0bde4a60999479af,2025-11-02T11:40:03+00:00,2025-11-03T23:09:39.778135+00:00,32,@cryptosignals0rg
5521,17515,"💥💥SUBSCRIBE TO CRYPTO SIGNALS VIP WITH CARD / USDT... A MONTH!!💥💥

⬇️⬇️⬇️⬇️⬇️⬇️⬇️⬇️⬇️⬇️⬇️⬇️⬇️⬇️⬇️⬇️⬇️⬇️",75e659225b0c28b77991d64af7ba8426,2025-11-02T10:21:02+00:00,2025-11-03T23:09:39.767622+00:00,32,@cryptosignals0rg
5537,17514,"OFFICIAL TRUMP Trading Signal (Swing)

Instrument:...rder will be closed if not triggered in 24 hours..",54fb2de821db67c5e0a51721155639ca,2025-11-02T09:09:31+00:00,2025-11-03T23:09:39.871054+00:00,32,@cryptosignals0rg
5528,17513,OFFICIAL TRUMP (TRUMP/USDT) Surges as Market Momen...sdt-surges-as-market-momentum-shifts-towards-9-00/,17d90006ed62bb6c80194c9eea96d444,2025-11-02T09:07:51+00:00,2025-11-03T23:09:39.810906+00:00,32,@cryptosignals0rg
5535,17512,"💥💥SUBSCRIBE TO CRYPTO SIGNALS VIP WITH CARD / USDT... A MONTH!!💥💥

⬇️⬇️⬇️⬇️⬇️⬇️⬇️⬇️⬇️⬇️⬇️⬇️⬇️⬇️⬇️⬇️⬇️⬇️",75e659225b0c28b77991d64af7ba8426,2025-11-02T05:21:02+00:00,2025-11-03T23:09:39.853447+00:00,32,@cryptosignals0rg
5563,17511,"💥💥SUBSCRIBE TO CRYPTO SIGNALS VIP WITH CARD / USDT... A MONTH!!💥💥

⬇️⬇️⬇️⬇️⬇️⬇️⬇️⬇️⬇️⬇️⬇️⬇️⬇️⬇️⬇️⬇️⬇️⬇️",75e659225b0c28b77991d64af7ba8426,2025-11-02T00:21:02+00:00,2025-11-03T23:09:45.246491+00:00,32,@cryptosignals0rg
5564,17510,"If you abandon your good system for another, you w...preservation do not seek that kind of recognition.",47dac277717c9ed553aa4d0d4a258f38,2025-11-01T19:53:02+00:00,2025-11-03T23:09:45.255715+00:00,32,@cryptosignals0rg
5571,17509,Trading legends are not those who always double th...in spite of occasional shortcomings on their part.,45931ca81b6078e48ba04ebe3b3ef268,2025-11-01T19:50:16+00:00,2025-11-03T23:09:45.480480+00:00,32,@cryptosignals0rg
5568,17508,Making the best trading decision in the world is n...ppen quickly; winning trades take time to develop.,69f4cd5dd7aaa60b7e9e0d633ed69858,2025-11-01T19:49:42+00:00,2025-11-03T23:09:45.451497+00:00,32,@cryptosignals0rg
5565,17507,"Trading: Myths and Facts – Part 3

In trading, per...l event. You might still take that trade and lose.",d95e2be7c1fc2fb0fbcf28d9ddde8673,2025-11-01T19:47:24+00:00,2025-11-03T23:09:45.264940+00:00,32,@cryptosignals0rg
5578,17506,"💥💥SUBSCRIBE TO CRYPTO SIGNALS VIP WITH CARD / USDT... A MONTH!!💥💥

⬇️⬇️⬇️⬇️⬇️⬇️⬇️⬇️⬇️⬇️⬇️⬇️⬇️⬇️⬇️⬇️⬇️⬇️",75e659225b0c28b77991d64af7ba8426,2025-11-01T19:21:02+00:00,2025-11-03T23:09:45.520148+00:00,32,@cryptosignals0rg
5567,17505,"💥💥SUBSCRIBE TO CRYPTO SIGNALS VIP WITH CARD / USDT... A MONTH!!💥💥

⬇️⬇️⬇️⬇️⬇️⬇️⬇️⬇️⬇️⬇️⬇️⬇️⬇️⬇️⬇️⬇️⬇️⬇️",75e659225b0c28b77991d64af7ba8426,2025-11-01T14:21:02+00:00,2025-11-03T23:09:45.437952+00:00,32,@cryptosignals0rg
5570,17504,"Hey guys.

We had a steady performance in the cryp...ss our VIP community 🔗🔗

https://cryptosignals.org",dbd21231b668af4a286b239b82cbf656,2025-11-01T13:27:51+00:00,2025-11-03T23:09:45.475390+00:00,32,@cryptosignals0rg
5577,17503,What Is CeDeFi? The Bridge Between Centralized and...dge-between-centralized-and-decentralized-finance/,45c52f53d80edd27070f678ccea453d2,2025-11-01T13:00:27+00:00,2025-11-03T23:09:45.514951+00:00,32,@cryptosignals0rg
5575,17502,"AI Spending Increases as Market Jitters

In recent....org/news/ai-spending-increases-as-market-jitters/",a849bb81be51b13c746bea4bb986b8d6,2025-11-01T12:56:31+00:00,2025-11-03T23:09:45.507118+00:00,32,@cryptosignals0rg
5574,17501,"💥💥SUBSCRIBE TO CRYPTO SIGNALS VIP WITH CARD / USDT... A MONTH!!💥💥

⬇️⬇️⬇️⬇️⬇️⬇️⬇️⬇️⬇️⬇️⬇️⬇️⬇️⬇️⬇️⬇️⬇️⬇️",75e659225b0c28b77991d64af7ba8426,2025-11-01T09:21:02+00:00,2025-11-03T23:09:45.503117+00:00,32,@cryptosignals0rg
5579,17500,"🚀Hi Crypto Traders!🚀

At the present, sustained tr..., come to our VIP group, to see real-time profits.",25c959782000f67a5b2edd6531350ff7,2025-11-01T07:20:44+00:00,2025-11-03T23:09:45.527218+00:00,32,@cryptosignals0rg
5569,17499,"💥💥SUBSCRIBE TO CRYPTO SIGNALS VIP WITH CARD / USDT... A MONTH!!💥💥

⬇️⬇️⬇️⬇️⬇️⬇️⬇️⬇️⬇️⬇️⬇️⬇️⬇️⬇️⬇️⬇️⬇️⬇️",75e659225b0c28b77991d64af7ba8426,2025-11-01T04:21:02+00:00,2025-11-03T23:09:45.465164+00:00,32,@cryptosignals0rg
5576,17498,"🌟 Free $20 + $500 Derivatives Airdrop Just For You...ee lifetime VIP access!

🔗 Start Now! - Join Bybit",9e286561aecac1cf492baa19c3763688,2025-11-01T01:38:02+00:00,2025-11-03T23:09:45.510782+00:00,32,@cryptosignals0rg
19186,17682,"💥💥SUBSCRIBE TO CRYPTO SIGNALS VIP WITH CARD / USDT... A MONTH!!💥💥

⬇️⬇️⬇️⬇️⬇️⬇️⬇️⬇️⬇️⬇️⬇️⬇️⬇️⬇️⬇️⬇️⬇️⬇️",75e659225b0c28b77991d64af7ba8426,2025-11-15T13:21:03+00:00,2025-11-15T14:19:25.099416+00:00,32,@cryptosignals0rg
19184,17681,"Hey guys.

We had a steady performance in the cryp...ss our VIP community 🔗🔗

https://cryptosignals.org",dbd21231b668af4a286b239b82cbf656,2025-11-15T11:29:51+00:00,2025-11-15T14:19:25.075217+00:00,32,@cryptosignals0rg
19180,17680,What Is Hash Rate in Crypto Mining? Understanding ...erstanding-the-key-metric-behind-blockchain-power/,d464c96a01bd3bd738a268f96be9dc5f,2025-11-15T09:33:16+00:00,2025-11-15T14:19:24.810698+00:00,32,@cryptosignals0rg
19185,17679,"💥💥SUBSCRIBE TO CRYPTO SIGNALS VIP WITH CARD / USDT... A MONTH!!💥💥

⬇️⬇️⬇️⬇️⬇️⬇️⬇️⬇️⬇️⬇️⬇️⬇️⬇️⬇️⬇️⬇️⬇️⬇️",75e659225b0c28b77991d64af7ba8426,2025-11-15T08:21:02+00:00,2025-11-15T14:19:25.088113+00:00,32,@cryptosignals0rg
19182,17678,"🚀Hi Crypto Traders!🚀

At the present, ... The mark..., come to our VIP group, to see real-time profits.",55c0aa9b75ee3fa2c238c1142c18b68b,2025-11-15T06:25:51+00:00,2025-11-15T14:19:24.888355+00:00,32,@cryptosignals0rg
19183,17677,"💥💥SUBSCRIBE TO CRYPTO SIGNALS VIP WITH CARD / USDT... A MONTH!!💥💥

⬇️⬇️⬇️⬇️⬇️⬇️⬇️⬇️⬇️⬇️⬇️⬇️⬇️⬇️⬇️⬇️⬇️⬇️",75e659225b0c28b77991d64af7ba8426,2025-11-15T03:21:02+00:00,2025-11-15T14:19:24.954014+00:00,32,@cryptosignals0rg
19187,17676,"🌟 Free $20 + $500 Derivatives Airdrop Just For You...ee lifetime VIP access!

🔗 Start Now! - Join Bybit",9e286561aecac1cf492baa19c3763688,2025-11-15T01:38:02+00:00,2025-11-15T14:19:25.101146+00:00,32,@cryptosignals0rg
19181,17675,"💥💥SUBSCRIBE TO CRYPTO SIGNALS VIP WITH CARD / USDT... A MONTH!!💥💥

⬇️⬇️⬇️⬇️⬇️⬇️⬇️⬇️⬇️⬇️⬇️⬇️⬇️⬇️⬇️⬇️⬇️⬇️",75e659225b0c28b77991d64af7ba8426,2025-11-14T22:21:02+00:00,2025-11-15T14:19:24.877014+00:00,32,@cryptosignals0rg
18923,17673,Ethereum (ETH/USDT) Targets a Critical Resistance ...dt-targets-a-critical-resistance-level-whats-next/,6251d4c061a749d303a294df34796596,2025-11-14T19:33:32+00:00,2025-11-14T19:59:54.475753+00:00,32,@cryptosignals0rg
18926,17672,CHZUSD Accumulation Builds Near $0.03 Support as B...on-builds-near-0-03-support-as-bulls-eye-breakout/,0f19c7565c5998abd93052c5a2b24d0e,2025-11-14T19:28:07+00:00,2025-11-14T19:59:54.567651+00:00,32,@cryptosignals0rg
18924,17671,Decentraland Buyers Defend $0.215 Support as Range...efend-0-215-support-as-range-compression-persists/,3f467418e2a741d961f38d9a62d871ab,2025-11-14T19:24:33+00:00,2025-11-14T19:59:54.481945+00:00,32,@cryptosignals0rg
18925,17670,dYdX Market (DYDX/USD) Secures Strong Support at $...dx-market-dydx-usd-secures-strong-support-at-0-30/,b205c94258e2247eb9202c8a096cf9bf,2025-11-14T19:21:48+00:00,2025-11-14T19:59:54.533116+00:00,32,@cryptosignals0rg
18864,17668,"💥💥SUBSCRIBE TO CRYPTO SIGNALS VIP WITH CARD / USDT... A MONTH!!💥💥

⬇️⬇️⬇️⬇️⬇️⬇️⬇️⬇️⬇️⬇️⬇️⬇️⬇️⬇️⬇️⬇️⬇️⬇️",75e659225b0c28b77991d64af7ba8426,2025-11-14T12:21:02+00:00,2025-11-14T15:02:51.120327+00:00,32,@cryptosignals0rg
18882,17667,"💸 FREE $20 + $500 Derivatives Airdrop – LIMITED TI...FER  

🔗 SIGN UP BEFORE IT'S TOO LATE!  
JOIN HERE",7961cfbe2b309f2b3582c424cc5a7b4f,2025-11-14T10:02:02+00:00,2025-11-14T15:02:51.436689+00:00,32,@cryptosignals0rg
18845,17665,"💥💥SUBSCRIBE TO CRYPTO SIGNALS VIP WITH CARD / USDT... A MONTH!!💥💥

⬇️⬇️⬇️⬇️⬇️⬇️⬇️⬇️⬇️⬇️⬇️⬇️⬇️⬇️⬇️⬇️⬇️⬇️",75e659225b0c28b77991d64af7ba8426,2025-11-14T07:21:02+00:00,2025-11-14T07:50:10.026051+00:00,32,@cryptosignals0rg
18804,17662,"Cryptosignals.org Daily Crypto Overview

Bitcoin: ...n Digital Asset Treasury Firms: Report
-  Coindesk",e4565fa9220c2af2d76397308dcc7698,2025-11-13T23:08:14+00:00,2025-11-13T23:26:10.234839+00:00,32,@cryptosignals0rg
18756,17660,Professional traders understand the value of every...n up here and elevate your trading strategy today.,83680a45b5a0979853d2210cfd7e0311,2025-11-13T18:31:02+00:00,2025-11-13T18:45:47.189483+00:00,32,@cryptosignals0rg
18761,17659,"🚀🚀🚀Free Signal!🚀🚀🚀

Aerodrome Finance (AERO/USD) T...er will be closed if not triggered after 24 hours.",0f01e0af1cd7d06d4f8104f59773e225,2025-11-13T18:15:08+00:00,2025-11-13T18:45:47.464554+00:00,32,@cryptosignals0rg
18760,17658,Pi Network Shows Stabilization Near $0.18 Support ...-near-0-18-support-as-buyers-test-0-25-resistance/,de031517f4ce5076f9977b877818bce9,2025-11-13T18:14:09+00:00,2025-11-13T18:45:47.229651+00:00,32,@cryptosignals0rg
18755,17657,Aerodrome Finance (AERO/USD): Choppy Price Action ...aero-usd-choppy-price-action-around-the-1-20-mark/,73f1aad03cf01d2ae01a4ba6521cc0c3,2025-11-13T18:00:53+00:00,2025-11-13T18:45:47.188390+00:00,32,@cryptosignals0rg
18758,17656,Starknet (STRK/USD) Price Action Shifts Above $0.1.../starknet-strk-usd-price-action-shifts-above-0-15/,2749048b0c1215ff321cb9f2858c8fc7,2025-11-13T17:55:59+00:00,2025-11-13T18:45:47.218148+00:00,32,@cryptosignals0rg
18699,17654,"💥💥SUBSCRIBE TO CRYPTO SIGNALS VIP WITH CARD / USDT... A MONTH!!💥💥

⬇️⬇️⬇️⬇️⬇️⬇️⬇️⬇️⬇️⬇️⬇️⬇️⬇️⬇️⬇️⬇️⬇️⬇️",75e659225b0c28b77991d64af7ba8426,2025-11-13T11:21:02+00:00,2025-11-13T13:23:10.162709+00:00,32,@cryptosignals0rg
18700,17653,"Hyperliquid Trading Signal (Swing)

Instrument: HY...rder will be closed if not triggered in 24 hours..",0c7b410426feb3b95bec1d4e474ff1dc,2025-11-13T10:06:53+00:00,2025-11-13T13:23:10.180855+00:00,32,@cryptosignals0rg
18689,17651,"💥💥SUBSCRIBE TO CRYPTO SIGNALS VIP WITH CARD / USDT... A MONTH!!💥💥

⬇️⬇️⬇️⬇️⬇️⬇️⬇️⬇️⬇️⬇️⬇️⬇️⬇️⬇️⬇️⬇️⬇️⬇️",75e659225b0c28b77991d64af7ba8426,2025-11-13T06:21:02+00:00,2025-11-13T08:11:13.343069+00:00,32,@cryptosignals0rg
18671,17649,Cardano Gains Momentum as DeFi Growth Drive Expans...ano-gains-momentum-as-defi-growth-drive-expansion/,0067d5c97785fcff1b03559b9ab5a4d8,2025-11-13T01:48:47+00:00,2025-11-13T02:32:46.163715+00:00,32,@cryptosignals0rg
18624,17647,"💥💥SUBSCRIBE TO CRYPTO SIGNALS VIP WITH CARD / USDT... A MONTH!!💥💥

⬇️⬇️⬇️⬇️⬇️⬇️⬇️⬇️⬇️⬇️⬇️⬇️⬇️⬇️⬇️⬇️⬇️⬇️",75e659225b0c28b77991d64af7ba8426,2025-11-12T20:21:02+00:00,2025-11-12T21:17:17.460589+00:00,32,@cryptosignals0rg
18609,17645,Chiliz  (CHZ/USD) Momentum Weakens as Price Sinks ...mentum-weakens-as-price-sinks-below-range-support/,42c1e70d31a729aa0c5f933913460b08,2025-11-12T15:40:44+00:00,2025-11-12T16:45:24.260965+00:00,32,@cryptosignals0rg
18610,17644,Polkadot (DOT/USDT) Surges Over 2%: Bulls Eyeing $...ver-2-bulls-eyeing-3-45-resistance-after-breakout/,5072618befe07ed77ee6553c1ee71235,2025-11-12T15:32:06+00:00,2025-11-12T16:45:24.475797+00:00,32,@cryptosignals0rg
18611,17643,Litecoin (LTC) Price Prediction: LTC/USDT Retraces...ltc-usdt-retraces-downward-off-the-110-resistance/,1908b197ec414a9c0eb3818364627cc2,2025-11-12T15:28:46+00:00,2025-11-12T16:45:24.518282+00:00,32,@cryptosignals0rg
18564,17641,Enhance your Bybit trading with a $20 bonus + $500...hts! Click here to claim free lifetime VIP access!,e3025571cfccd717735a59247bdad57c,2025-11-12T12:06:02+00:00,2025-11-12T12:28:30.179485+00:00,32,@cryptosignals0rg
18539,17639,ETH Futures and Options Market Shows Bullish Senti...utures-and-options-market-shows-bullish-sentiment/,2f59d5ccb83e51bdfdda12f6f6db3f30,2025-11-12T06:38:01+00:00,2025-11-12T07:33:53.822695+00:00,32,@cryptosignals0rg
18540,17638,Privacy Coins Continue Strong Performance Against ...oins-continue-strong-performance-against-all-odds/,30311d6591bf0585fbd462bf4700738f,2025-11-12T06:33:41+00:00,2025-11-12T07:33:53.915349+00:00,32,@cryptosignals0rg
18535,17636,"💥💥SUBSCRIBE TO CRYPTO SIGNALS VIP WITH CARD / USDT... A MONTH!!💥💥

⬇️⬇️⬇️⬇️⬇️⬇️⬇️⬇️⬇️⬇️⬇️⬇️⬇️⬇️⬇️⬇️⬇️⬇️",75e659225b0c28b77991d64af7ba8426,2025-11-12T05:21:02+00:00,2025-11-12T06:22:45.415693+00:00,32,@cryptosignals0rg
18495,17634,"Cryptosignals.org Daily Crypto Overview

Bitcoin: ...ly’ as Fed Moyes Spur Volatility Hopes
-  Coindesk",26359a7d668a0f9553750fbf8e817564,2025-11-11T19:37:11+00:00,2025-11-11T20:33:12.576095+00:00,32,@cryptosignals0rg
18494,17633,"💥💥SUBSCRIBE TO CRYPTO SIGNALS VIP WITH CARD / USDT... A MONTH!!💥💥

⬇️⬇️⬇️⬇️⬇️⬇️⬇️⬇️⬇️⬇️⬇️⬇️⬇️⬇️⬇️⬇️⬇️⬇️",75e659225b0c28b77991d64af7ba8426,2025-11-11T19:21:02+00:00,2025-11-11T20:33:12.554323+00:00,32,@cryptosignals0rg
18461,17631,"💚💚💚Free Signal!💚💚💚

Dogecoin (DOGE) Trading Signal...er will be closed if not triggered after 24 hours.",617b5e15455f0e8052f61c1dc482c839,2025-11-11T17:51:25+00:00,2025-11-11T18:46:44.730174+00:00,32,@cryptosignals0rg
18463,17630,Dogecoin (DOGE) Price Prediction: DOGE/USDT Takes ...ction-doge-usdt-takes-small-steps-toward-recovery/,af0f678551b9d9ff85b62f2fccf2173b,2025-11-11T17:49:04+00:00,2025-11-11T18:46:44.737736+00:00,32,@cryptosignals0rg
18462,17629,"🐂🐂🐂Free Signal!🐂🐂🐂

XRP Trading Signal (Swing)

In...rder will be closed if not triggered in 24 hours..",8656081be304bbb0e9785b16ed4cbb0e,2025-11-11T17:46:26+00:00,2025-11-11T18:46:44.736298+00:00,32,@cryptosignals0rg
18464,17628,XRP (XRP/USDT) Shows Recovery Sign Amidst Market P...p-usdt-shows-recovery-sign-amidst-market-pullback/,4c0ba967a22323df7950ffe68fb17dea,2025-11-11T17:43:37+00:00,2025-11-11T18:46:44.757359+00:00,32,@cryptosignals0rg
18435,17626,"💥💥SUBSCRIBE TO CRYPTO SIGNALS VIP WITH CARD / USDT... A MONTH!!💥💥

⬇️⬇️⬇️⬇️⬇️⬇️⬇️⬇️⬇️⬇️⬇️⬇️⬇️⬇️⬇️⬇️⬇️⬇️",75e659225b0c28b77991d64af7ba8426,2025-11-11T14:21:03+00:00,2025-11-11T15:23:54.665804+00:00,32,@cryptosignals0rg
18377,17624,"🚀Hi Crypto Traders!🚀

At the present, ... The mark..., come to our VIP group, to see real-time profits.",003120adbd8e0f8fc48a3167b4680896,2025-11-11T05:38:18+00:00,2025-11-11T07:00:57.851560+00:00,32,@cryptosignals0rg
18359,17622,"📈 Enhance Your Trading Strategy!

Bybit is offerin... start trading with these exclusive bonuses today!",259aa63a6facd782b1a6a6317c21e9fc,2025-11-11T03:27:03+00:00,2025-11-11T03:33:50.899575+00:00,32,@cryptosignals0rg
18350,17620,"Bittensor (TAO): Why Its Breakout Matters

Somethi...tocurrency/bittensor-tao-why-its-breakout-matters/",cfc52cced4a3b162e5759ef14baab83e,2025-11-10T22:12:04+00:00,2025-11-10T22:48:51.537680+00:00,32,@cryptosignals0rg
18331,17618,"💥💥SUBSCRIBE TO CRYPTO SIGNALS VIP WITH CARD / USDT... A MONTH!!💥💥

⬇️⬇️⬇️⬇️⬇️⬇️⬇️⬇️⬇️⬇️⬇️⬇️⬇️⬇️⬇️⬇️⬇️⬇️",75e659225b0c28b77991d64af7ba8426,2025-11-10T18:21:02+00:00,2025-11-10T18:21:14.686906+00:00,32,@cryptosignals0rg
18316,17616,"💥💥SUBSCRIBE TO CRYPTO SIGNALS VIP WITH CARD / USDT... A MONTH!!💥💥

⬇️⬇️⬇️⬇️⬇️⬇️⬇️⬇️⬇️⬇️⬇️⬇️⬇️⬇️⬇️⬇️⬇️⬇️",75e659225b0c28b77991d64af7ba8426,2025-11-10T13:21:03+00:00,2025-11-10T13:50:24.019806+00:00,32,@cryptosignals0rg
18315,17615,Bitcoin Cash (BCH/USD) market sustains downward mo...ward-momentum-under-persistent-selling-conditions/,43b20b16b796a29b84bccdaac616258a,2025-11-10T12:53:29+00:00,2025-11-10T13:50:24.016629+00:00,32,@cryptosignals0rg
18317,17614,ChainLink (LINK/USDT) Faces $15.64 Resistance as P...usdt-faces-15-64-resistance-as-price-consolidates/,cff9cc839cceaba78214fdb589eb0cbf,2025-11-10T12:16:48+00:00,2025-11-10T13:50:24.030264+00:00,32,@cryptosignals0rg
18286,17612,"💥💥SUBSCRIBE TO CRYPTO SIGNALS VIP WITH CARD / USDT... A MONTH!!💥💥

⬇️⬇️⬇️⬇️⬇️⬇️⬇️⬇️⬇️⬇️⬇️⬇️⬇️⬇️⬇️⬇️⬇️⬇️",75e659225b0c28b77991d64af7ba8426,2025-11-10T08:21:03+00:00,2025-11-10T08:32:35.381735+00:00,32,@cryptosignals0rg
18260,17610,"💥💥SUBSCRIBE TO CRYPTO SIGNALS VIP WITH CARD / USDT... A MONTH!!💥💥

⬇️⬇️⬇️⬇️⬇️⬇️⬇️⬇️⬇️⬇️⬇️⬇️⬇️⬇️⬇️⬇️⬇️⬇️",75e659225b0c28b77991d64af7ba8426,2025-11-10T03:21:02+00:00,2025-11-10T04:22:02.028239+00:00,32,@cryptosignals0rg
18259,17609,"Top Five Trending Coins for Today: BEAT, HIGH, SPK...ing-coins-for-november-9-beat-high-spk-alice-bank/",3185b59ad8f96a4ef897804c2cfcecc9,2025-11-10T03:16:54+00:00,2025-11-10T04:22:02.022704+00:00,32,@cryptosignals0rg
18243,17607,"💥💥SUBSCRIBE TO CRYPTO SIGNALS VIP WITH CARD / USDT... A MONTH!!💥💥

⬇️⬇️⬇️⬇️⬇️⬇️⬇️⬇️⬇️⬇️⬇️⬇️⬇️⬇️⬇️⬇️⬇️⬇️",75e659225b0c28b77991d64af7ba8426,2025-11-09T22:21:02+00:00,2025-11-09T22:49:31.764523+00:00,32,@cryptosignals0rg
18195,17605,https://learn2.trade/trading-myths-and-facts-part-4,ef45886e4aab9aba4f06fb0fd9d8e4e3,2025-11-09T14:06:39+00:00,2025-11-09T14:43:44.740570+00:00,32,@cryptosignals0rg
18166,17603,"🎉 $20 FREE + $500 USDT AIRDROP! 🎉

🚀 Ready to Star...posit required for both bonuses!  

🔗 Sign Up Now!",809fb4aef37edbcb0bde4a60999479af,2025-11-09T11:40:02+00:00,2025-11-09T12:11:33.740524+00:00,32,@cryptosignals0rg
18128,17601,"OFFICIAL TRUMP Trading Signal (Swing)

Instrument:...920
Target: $10.420
Risk settings: 1%
R. R. R: 1:2",b6dcab4d21a09659858331ce3e388f2f,2025-11-09T06:27:22+00:00,2025-11-09T07:18:18.140630+00:00,32,@cryptosignals0rg
18126,17600,OFFICIAL TRUMP (TRUMP/USDT) Reveals Significant Up...veals-significant-upside-movement-amid-volatility/,ea47fea964c959fe87c59f4a1e20f467,2025-11-09T06:25:00+00:00,2025-11-09T07:18:17.689253+00:00,32,@cryptosignals0rg
18127,17599,"💥💥SUBSCRIBE TO CRYPTO SIGNALS VIP WITH CARD / USDT... A MONTH!!💥💥

⬇️⬇️⬇️⬇️⬇️⬇️⬇️⬇️⬇️⬇️⬇️⬇️⬇️⬇️⬇️⬇️⬇️⬇️",75e659225b0c28b77991d64af7ba8426,2025-11-09T02:21:01+00:00,2025-11-09T07:18:17.754483+00:00,32,@cryptosignals0rg
18067,17597,"💥💥SUBSCRIBE TO CRYPTO SIGNALS VIP WITH CARD / USDT... A MONTH!!💥💥

⬇️⬇️⬇️⬇️⬇️⬇️⬇️⬇️⬇️⬇️⬇️⬇️⬇️⬇️⬇️⬇️⬇️⬇️",75e659225b0c28b77991d64af7ba8426,2025-11-08T16:21:02+00:00,2025-11-08T16:45:26.192175+00:00,32,@cryptosignals0rg
18053,17596,"Hey guys.

We had a steady performance in the cryp...ss our VIP community 🔗🔗

https://cryptosignals.org",dbd21231b668af4a286b239b82cbf656,2025-11-08T12:42:42+00:00,2025-11-08T12:44:12.371718+00:00,32,@cryptosignals0rg
18001,17595,"💥💥SUBSCRIBE TO CRYPTO SIGNALS VIP WITH CARD / USDT... A MONTH!!💥💥

⬇️⬇️⬇️⬇️⬇️⬇️⬇️⬇️⬇️⬇️⬇️⬇️⬇️⬇️⬇️⬇️⬇️⬇️",75e659225b0c28b77991d64af7ba8426,2025-11-08T11:21:02+00:00,2025-11-08T11:43:57.661277+00:00,32,@cryptosignals0rg
18000,17594,Overconfidence: The Silent Trap That Misleads Many...idence-the-silent-trap-that-misleads-many-traders/,bc746fd63b029ec78f822d36a86e9365,2025-11-08T07:28:49+00:00,2025-11-08T11:43:57.648705+00:00,32,@cryptosignals0rg
18005,17593,Ripple and Mastercard Announce Blockchain-Based Pa...ce-blockchain-based-payment-settlement-initiative/,84c80c10649220242fff89df060a7d7d,2025-11-08T07:27:43+00:00,2025-11-08T11:43:57.935019+00:00,32,@cryptosignals0rg
18006,17592,"💥💥SUBSCRIBE TO CRYPTO SIGNALS VIP WITH CARD / USDT... A MONTH!!💥💥

⬇️⬇️⬇️⬇️⬇️⬇️⬇️⬇️⬇️⬇️⬇️⬇️⬇️⬇️⬇️⬇️⬇️⬇️",75e659225b0c28b77991d64af7ba8426,2025-11-08T06:21:02+00:00,2025-11-08T11:43:58.008893+00:00,32,@cryptosignals0rg
18004,17591,"🌟 Free $20 + $500 Derivatives Airdrop Just For You...ee lifetime VIP access!

🔗 Start Now! - Join Bybit",9e286561aecac1cf492baa19c3763688,2025-11-08T01:38:02+00:00,2025-11-08T11:43:57.919547+00:00,32,@cryptosignals0rg
18002,17590,"💥💥SUBSCRIBE TO CRYPTO SIGNALS VIP WITH CARD / USDT... A MONTH!!💥💥

⬇️⬇️⬇️⬇️⬇️⬇️⬇️⬇️⬇️⬇️⬇️⬇️⬇️⬇️⬇️⬇️⬇️⬇️",75e659225b0c28b77991d64af7ba8426,2025-11-08T01:21:02+00:00,2025-11-08T11:43:57.779827+00:00,32,@cryptosignals0rg
18003,17589,"Cryptosignals.org Daily Crypto Overview

Bitcoin: ...inked Token Towards $2.20 Defense Zone
-  Coindesk",541265fbdb5a1782b9e748521a232bc1,2025-11-07T21:57:50+00:00,2025-11-08T11:43:57.867788+00:00,32,@cryptosignals0rg
17973,17588,"💥💥SUBSCRIBE TO CRYPTO SIGNALS VIP WITH CARD / USDT... A MONTH!!💥💥

⬇️⬇️⬇️⬇️⬇️⬇️⬇️⬇️⬇️⬇️⬇️⬇️⬇️⬇️⬇️⬇️⬇️⬇️",75e659225b0c28b77991d64af7ba8426,2025-11-07T20:21:02+00:00,2025-11-07T20:38:59.357686+00:00,32,@cryptosignals0rg
17965,17587,"👍👍👍Free Signal!👍👍👍

Bitcoin Trade Signal (SWING)  ...
Target: $105260.12
My risk setting: 1%  
RRR: 1:2",f3778f9e0bac0d1774fe64ba31159e1c,2025-11-07T19:04:09+00:00,2025-11-07T19:38:30.418599+00:00,32,@cryptosignals0rg
17963,17586,Bitcoin (BTC) Price Prediction: BTC/USDT Heads Tow...rediction-btc-usdt-heads-toward-a-multi-month-low/,c164cc18b2f50263603e22a35a8002a2,2025-11-07T18:59:32+00:00,2025-11-07T19:38:28.007580+00:00,32,@cryptosignals0rg
17962,17585,Ethereum (ETH/USDT) Poised for Recovery Amid Marke...usdt-poised-for-recovery-amid-market-fluctuations/,7537ffd78bbf1d321c1cea1c6883fb3b,2025-11-07T18:55:50+00:00,2025-11-07T19:38:27.872476+00:00,32,@cryptosignals0rg
17964,17584,Near Protocol (NEAR/USD) Skyrockets — A Bullish Se...r-usd-skyrockets-a-bullish-season-may-be-underway/,04dd1dad45b8d77b26057ba21bd145c9,2025-11-07T18:55:05+00:00,2025-11-07T19:38:28.029976+00:00,32,@cryptosignals0rg
17910,17583,"💥💥SUBSCRIBE TO CRYPTO SIGNALS VIP WITH CARD / USDT... A MONTH!!💥💥

⬇️⬇️⬇️⬇️⬇️⬇️⬇️⬇️⬇️⬇️⬇️⬇️⬇️⬇️⬇️⬇️⬇️⬇️",75e659225b0c28b77991d64af7ba8426,2025-11-07T15:21:02+00:00,2025-11-07T15:35:29.291142+00:00,32,@cryptosignals0rg
17845,17582,"💥💥SUBSCRIBE TO CRYPTO SIGNALS VIP WITH CARD / USDT... A MONTH!!💥💥

⬇️⬇️⬇️⬇️⬇️⬇️⬇️⬇️⬇️⬇️⬇️⬇️⬇️⬇️⬇️⬇️⬇️⬇️",75e659225b0c28b77991d64af7ba8426,2025-11-07T10:21:02+00:00,2025-11-07T11:18:36.668005+00:00,32,@cryptosignals0rg
17844,17581,"💸 FREE $20 + $500 Derivatives Airdrop – LIMITED TI...FER  

🔗 SIGN UP BEFORE IT'S TOO LATE!  
JOIN HERE",7961cfbe2b309f2b3582c424cc5a7b4f,2025-11-07T10:02:02+00:00,2025-11-07T11:18:36.647669+00:00,32,@cryptosignals0rg
17847,17580,"Cryptosignals.org Daily Crypto Overview

Bitcoin: ...491.80 After Breaking $487 Resistance 
-  Coindesk",7399010bae0147a051f818f991ac1fd6,2025-11-07T07:58:56+00:00,2025-11-07T11:18:36.980177+00:00,32,@cryptosignals0rg
17849,17579,"💥💥SUBSCRIBE TO CRYPTO SIGNALS VIP WITH CARD / USDT... A MONTH!!💥💥

⬇️⬇️⬇️⬇️⬇️⬇️⬇️⬇️⬇️⬇️⬇️⬇️⬇️⬇️⬇️⬇️⬇️⬇️",75e659225b0c28b77991d64af7ba8426,2025-11-07T05:21:01+00:00,2025-11-07T11:18:37.050413+00:00,32,@cryptosignals0rg
17846,17578,"Hyperliquid Trading Signal (Swing)

Instrument: HY...rder will be closed if not triggered in 24 hours..",7f2b03c656c04cbc4236f73e20a3ec10,2025-11-07T03:08:24+00:00,2025-11-07T11:18:36.890220+00:00,32,@cryptosignals0rg
17850,17577,Hyperliquid (HYPE/USDT) Faces Correction After Str...uid-hype-usdt-faces-correction-after-strong-rally/,d18ea17a3864eedc48bfbbac2a1b4d9d,2025-11-07T03:07:02+00:00,2025-11-07T11:18:37.147438+00:00,32,@cryptosignals0rg
17848,17576,"💥💥SUBSCRIBE TO CRYPTO SIGNALS VIP WITH CARD / USDT... A MONTH!!💥💥

⬇️⬇️⬇️⬇️⬇️⬇️⬇️⬇️⬇️⬇️⬇️⬇️⬇️⬇️⬇️⬇️⬇️⬇️",75e659225b0c28b77991d64af7ba8426,2025-11-07T00:21:02+00:00,2025-11-07T11:18:36.984167+00:00,32,@cryptosignals0rg
17787,17575,"💥💥SUBSCRIBE TO CRYPTO SIGNALS VIP WITH CARD / USDT... A MONTH!!💥💥

⬇️⬇️⬇️⬇️⬇️⬇️⬇️⬇️⬇️⬇️⬇️⬇️⬇️⬇️⬇️⬇️⬇️⬇️",75e659225b0c28b77991d64af7ba8426,2025-11-06T19:21:02+00:00,2025-11-06T20:13:22.466477+00:00,32,@cryptosignals0rg
17782,17574,Professional traders understand the value of every...n up here and elevate your trading strategy today.,83680a45b5a0979853d2210cfd7e0311,2025-11-06T18:31:02+00:00,2025-11-06T19:12:19.553344+00:00,32,@cryptosignals0rg
17777,17573,"🚀Hi Crypto Traders!🚀

At the present, ... The mark..., come to our VIP group, to see real-time profits.",4dcd84b079a4d188d9bcc8c82ec712c0,2025-11-06T16:13:06+00:00,2025-11-06T17:11:24.724152+00:00,32,@cryptosignals0rg
17754,17572,Toncoin (TON/USD) Falls Back to the $2.00 Critical...ical-price-level-to-regroup-for-the-next-bull-run/,c1bd614ddcf778fd505fdd53550cae0f,2025-11-06T14:44:25+00:00,2025-11-06T15:09:52.897366+00:00,32,@cryptosignals0rg
17755,17571,Quant (QNT/USD): A Potential End to the Bear Marke.../quant-qnt-usd-a-potential-end-to-the-bear-market/,83ec83c2f60dcf2be830230731d8a40c,2025-11-06T14:25:22+00:00,2025-11-06T15:09:52.898502+00:00,32,@cryptosignals0rg
17757,17570,"💥💥SUBSCRIBE TO CRYPTO SIGNALS VIP WITH CARD / USDT... A MONTH!!💥💥

⬇️⬇️⬇️⬇️⬇️⬇️⬇️⬇️⬇️⬇️⬇️⬇️⬇️⬇️⬇️⬇️⬇️⬇️",75e659225b0c28b77991d64af7ba8426,2025-11-06T14:21:02+00:00,2025-11-06T15:09:53.668561+00:00,32,@cryptosignals0rg
17756,17567,Bitcoin (BTC/USD) Tests Key Support After Sharp Se...in-btc-usd-tests-key-support-after-sharp-sell-off/,db0fd4913b52cde9683d17a568dd25ad,2025-11-06T14:18:10+00:00,2025-11-06T15:09:53.204552+00:00,32,@cryptosignals0rg
17688,17566,"💥💥SUBSCRIBE TO CRYPTO SIGNALS VIP WITH CARD / USDT... A MONTH!!💥💥

⬇️⬇️⬇️⬇️⬇️⬇️⬇️⬇️⬇️⬇️⬇️⬇️⬇️⬇️⬇️⬇️⬇️⬇️",75e659225b0c28b77991d64af7ba8426,2025-11-06T09:21:01+00:00,2025-11-06T11:07:31.203401+00:00,32,@cryptosignals0rg
17689,17565,"Balancer DeFi Platform Hit by Major Exploit

Balan.../news/balancer-defi-platform-hit-by-major-exploit/",44e4bf468ee910e9a5aecc01eb53efc2,2025-11-06T06:18:32+00:00,2025-11-06T11:07:31.220219+00:00,32,@cryptosignals0rg
17692,17564,Ripple Closes Massive $500M Funding Round at $40B ...loses-massive-500m-funding-round-at-40b-valuation/,ecec8018fc3283d5292eebb620624f2f,2025-11-06T06:17:06+00:00,2025-11-06T11:07:31.702735+00:00,32,@cryptosignals0rg
17691,17563,"💥💥SUBSCRIBE TO CRYPTO SIGNALS VIP WITH CARD / USDT... A MONTH!!💥💥

⬇️⬇️⬇️⬇️⬇️⬇️⬇️⬇️⬇️⬇️⬇️⬇️⬇️⬇️⬇️⬇️⬇️⬇️",75e659225b0c28b77991d64af7ba8426,2025-11-06T04:21:01+00:00,2025-11-06T11:07:31.553329+00:00,32,@cryptosignals0rg
17690,17562,"💥💥SUBSCRIBE TO CRYPTO SIGNALS VIP WITH CARD / USDT... A MONTH!!💥💥

⬇️⬇️⬇️⬇️⬇️⬇️⬇️⬇️⬇️⬇️⬇️⬇️⬇️⬇️⬇️⬇️⬇️⬇️",75e659225b0c28b77991d64af7ba8426,2025-11-05T23:21:02+00:00,2025-11-06T11:07:31.535961+00:00,32,@cryptosignals0rg
16928,17561,"💥💥SUBSCRIBE TO CRYPTO SIGNALS VIP WITH CARD / USDT... A MONTH!!💥💥

⬇️⬇️⬇️⬇️⬇️⬇️⬇️⬇️⬇️⬇️⬇️⬇️⬇️⬇️⬇️⬇️⬇️⬇️",75e659225b0c28b77991d64af7ba8426,2025-11-05T18:21:02+00:00,2025-11-05T19:17:11.494937+00:00,32,@cryptosignals0rg
16913,17560,"Cryptosignals.org Daily Crypto Overview

Bitcoin: ...wn almost $1M Betting against Mamdani 
-  Coindesk",d70fa7fbd31307cc5aae37fceb71f3ba,2025-11-05T17:00:50+00:00,2025-11-05T17:04:56.808427+00:00,32,@cryptosignals0rg
16877,17559,"❤️❤️❤️Free Signal!❤️❤️❤️

Bybit Premium Signal  
 ...: https://partner.bybit.com/b/cryptosignalstrading",6eedf25c9a2062da2c67adaace2c19b4,2025-11-05T13:28:44+00:00,2025-11-05T13:50:07.816929+00:00,32,@cryptosignals0rg
16880,17558,PI/USD Fading Bounce As Liquidity Collapse Persist...-usd-fading-bounce-as-liquidity-collapse-persists/,2fee20570e71efd359911f0c66a16fb5,2025-11-05T13:26:45+00:00,2025-11-05T13:50:08.035656+00:00,32,@cryptosignals0rg
16879,17557,"💥💥SUBSCRIBE TO CRYPTO SIGNALS VIP WITH CARD / USDT... A MONTH!!💥💥

⬇️⬇️⬇️⬇️⬇️⬇️⬇️⬇️⬇️⬇️⬇️⬇️⬇️⬇️⬇️⬇️⬇️⬇️",75e659225b0c28b77991d64af7ba8426,2025-11-05T13:21:01+00:00,2025-11-05T13:50:08.025878+00:00,32,@cryptosignals0rg
16878,17556,XRP (XRP/USDT) Faces Critical Resistance After Bul...sdt-faces-critical-resistance-after-bullish-surge/,887f10c28e612077864b8909da95349b,2025-11-05T13:19:30+00:00,2025-11-05T13:50:08.024507+00:00,32,@cryptosignals0rg
16881,17555,Dogecoin (DOGE) Price Prediction: DOGE/USDT Bears ...-doge-usdt-bears-breach-a-month-old-support-level/,5d508c0bba062fa2ba1d4072e37d57f8,2025-11-05T13:03:04+00:00,2025-11-05T13:50:08.173247+00:00,32,@cryptosignals0rg
16869,17554,Enhance your Bybit trading with a $20 bonus + $500...hts! Click here to claim free lifetime VIP access!,e3025571cfccd717735a59247bdad57c,2025-11-05T12:06:02+00:00,2025-11-05T12:46:42.691262+00:00,32,@cryptosignals0rg
16823,17553,"💥💥SUBSCRIBE TO CRYPTO SIGNALS VIP WITH CARD / USDT... A MONTH!!💥💥

⬇️⬇️⬇️⬇️⬇️⬇️⬇️⬇️⬇️⬇️⬇️⬇️⬇️⬇️⬇️⬇️⬇️⬇️",75e659225b0c28b77991d64af7ba8426,2025-11-05T08:21:02+00:00,2025-11-05T10:40:51.348470+00:00,32,@cryptosignals0rg
16825,17552,"PENDING ORDERS HELP OUR TRADING RESULTS!

Apart fr... you're able to avoid. 

May your trades be green!",ff336316cd960f1f5c3aca4795ab83d1,2025-11-05T06:33:18+00:00,2025-11-05T10:40:51.402013+00:00,32,@cryptosignals0rg
16824,17551,"Cryptosignals.org Daily Crypto Overview

Bitcoin: ...ointelegraph 

XRP Nears ‘Death Cross’
-  Coindesk",89eca1320aca5bfd071597b861f56d02,2025-11-05T04:58:44+00:00,2025-11-05T10:40:51.398654+00:00,32,@cryptosignals0rg
16827,17550,"💥💥SUBSCRIBE TO CRYPTO SIGNALS VIP WITH CARD / USDT... A MONTH!!💥💥

⬇️⬇️⬇️⬇️⬇️⬇️⬇️⬇️⬇️⬇️⬇️⬇️⬇️⬇️⬇️⬇️⬇️⬇️",75e659225b0c28b77991d64af7ba8426,2025-11-05T03:21:02+00:00,2025-11-05T10:40:51.511147+00:00,32,@cryptosignals0rg
16826,17549,"💥💥SUBSCRIBE TO CRYPTO SIGNALS VIP WITH CARD / USDT... A MONTH!!💥💥

⬇️⬇️⬇️⬇️⬇️⬇️⬇️⬇️⬇️⬇️⬇️⬇️⬇️⬇️⬇️⬇️⬇️⬇️",75e659225b0c28b77991d64af7ba8426,2025-11-04T22:21:02+00:00,2025-11-05T10:40:51.502252+00:00,32,@cryptosignals0rg
16828,17548,The Hidden Barrier to Trading Success: Self-Sabota...r-to-trading-success-self-sabotage-in-the-markets/,3c5da054cd39b24ad1c88ab05fe0ad52,2025-11-04T21:56:11+00:00,2025-11-05T10:40:51.527833+00:00,32,@cryptosignals0rg
16830,17547,Revolut Introduces 1:1 Conversion for USD and Stab...-introduces-11-conversion-for-usd-and-stablecoins/,c66012c76ead945d24b8a9d38d57f1a9,2025-11-04T21:55:27+00:00,2025-11-05T10:40:51.540072+00:00,32,@cryptosignals0rg
16829,17546,Lucky Block (LBLOCK/USD) Market Poised for Strateg...poised-for-strategic-bullish-reversal-opportunity/,69b65884d6963f06458c555a4a9abc86,2025-11-04T21:53:47+00:00,2025-11-05T10:40:51.538351+00:00,32,@cryptosignals0rg
16764,17545,"💥💥SUBSCRIBE TO CRYPTO SIGNALS VIP WITH CARD / USDT... A MONTH!!💥💥

⬇️⬇️⬇️⬇️⬇️⬇️⬇️⬇️⬇️⬇️⬇️⬇️⬇️⬇️⬇️⬇️⬇️⬇️",75e659225b0c28b77991d64af7ba8426,2025-11-04T17:21:01+00:00,2025-11-04T17:22:24.836065+00:00,32,@cryptosignals0rg
16758,17544,"🚀Hi Crypto Traders!🚀

At the present, ... The mark..., come to our VIP group, to see real-time profits.",b3fc73d20a50993aea0205877c189eca,2025-11-04T15:26:42+00:00,2025-11-04T16:17:57.848501+00:00,32,@cryptosignals0rg
16748,17543,POL (prev. MATIC) Price Prediction: POL/USDT Stays...-matic-price-prediction-pol-usdt-stays-southwards/,c9d8e22541fc1bbf5eb54e38a84bd80b,2025-11-04T15:03:58+00:00,2025-11-04T15:14:06.350298+00:00,32,@cryptosignals0rg
16749,17542,Sui (SUI/USD) Market Extends Decline Amid Sustaine...ecline-amid-sustained-downside-technical-pressure/,ddda9395465f50e5b2be5cf765ba7b7a,2025-11-04T14:52:59+00:00,2025-11-04T15:14:06.353900+00:00,32,@cryptosignals0rg
16743,17541,Stellar (XLM/USD) Market Shows Renewed Upside Mome...upside-momentum-amid-strengthening-buyer-interest/,4511bd5c7dfac78cb39ccb639528136f,2025-11-04T13:34:15+00:00,2025-11-04T14:10:08.320586+00:00,32,@cryptosignals0rg
16737,17540,"💥💥SUBSCRIBE TO CRYPTO SIGNALS VIP WITH CARD / USDT... A MONTH!!💥💥

⬇️⬇️⬇️⬇️⬇️⬇️⬇️⬇️⬇️⬇️⬇️⬇️⬇️⬇️⬇️⬇️⬇️⬇️",75e659225b0c28b77991d64af7ba8426,2025-11-04T12:21:02+00:00,2025-11-04T13:02:50.877739+00:00,32,@cryptosignals0rg
16708,17539,"💥💥SUBSCRIBE TO CRYPTO SIGNALS VIP WITH CARD / USDT... A MONTH!!💥💥

⬇️⬇️⬇️⬇️⬇️⬇️⬇️⬇️⬇️⬇️⬇️⬇️⬇️⬇️⬇️⬇️⬇️⬇️",75e659225b0c28b77991d64af7ba8426,2025-11-04T07:21:02+00:00,2025-11-04T07:40:02.711542+00:00,32,@cryptosignals0rg
16674,17538,"📈 Enhance Your Trading Strategy!

Bybit is offerin... start trading with these exclusive bonuses today!",259aa63a6facd782b1a6a6317c21e9fc,2025-11-04T03:27:02+00:00,2025-11-04T03:27:04.467156+00:00,32,@cryptosignals0rg
16671,17537,"💥💥SUBSCRIBE TO CRYPTO SIGNALS VIP WITH CARD / USDT... A MONTH!!💥💥

⬇️⬇️⬇️⬇️⬇️⬇️⬇️⬇️⬇️⬇️⬇️⬇️⬇️⬇️⬇️⬇️⬇️⬇️",75e659225b0c28b77991d64af7ba8426,2025-11-04T02:21:01+00:00,2025-11-04T02:23:49.203789+00:00,32,@cryptosignals0rg
5515,17536,"💥💥SUBSCRIBE TO CRYPTO SIGNALS VIP WITH CARD / USDT... A MONTH!!💥💥

⬇️⬇️⬇️⬇️⬇️⬇️⬇️⬇️⬇️⬇️⬇️⬇️⬇️⬇️⬇️⬇️⬇️⬇️",75e659225b0c28b77991d64af7ba8426,2025-11-03T21:21:01+00:00,2025-11-03T23:09:39.537799+00:00,32,@cryptosignals0rg
5513,17535,"Understanding Mining Difficulty

Mining difficulty...echnical-analysis/understanding-mining-difficulty/",2581160ad1daa752e80d08b080ed0755,2025-11-03T20:40:06+00:00,2025-11-03T23:09:39.534472+00:00,32,@cryptosignals0rg
5530,17534,"Cryptosignals.org Daily Crypto Overview

Bitcoin: ...5 Rejections Define Next Breakout Zone
-  Coindesk",f1ebdd61ca9a280b97472eb83ddf5bf3,2025-11-03T17:26:06+00:00,2025-11-03T23:09:39.833588+00:00,32,@cryptosignals0rg
5522,17533,"🐋 Win free Crypto Whale Pumps Premium every single...zes!!!

Spin every 24 hours for a chance to win!!!",73d1516e8bb2840368f52811d9e3a058,2025-11-03T16:58:02+00:00,2025-11-03T23:09:39.765413+00:00,32,@cryptosignals0rg
5514,17532,"💥💥SUBSCRIBE TO CRYPTO SIGNALS VIP WITH CARD / USDT... A MONTH!!💥💥

⬇️⬇️⬇️⬇️⬇️⬇️⬇️⬇️⬇️⬇️⬇️⬇️⬇️⬇️⬇️⬇️⬇️⬇️",75e659225b0c28b77991d64af7ba8426,2025-11-03T16:21:03+00:00,2025-11-03T23:09:39.535098+00:00,32,@cryptosignals0rg
5531,17531,"🔥🔥🔥Free Signal!🔥🔥🔥

Bybit Premium Signal  
  
Pepe... 
https://partner.bybit.com/b/cryptosignalstrading",a66eec6c7e1a4763fabbd2c92d4301b7,2025-11-03T14:02:56+00:00,2025-11-03T23:09:39.835562+00:00,32,@cryptosignals0rg
5525,17530,Chainlink (LINK/USDT) Consolidates with Potential ...consolidates-with-potential-upside-price-movement/,b90563060f56cdc7e7d763e4564e46d6,2025-11-03T13:58:13+00:00,2025-11-03T23:09:39.773905+00:00,32,@cryptosignals0rg
5516,17529,PEPE Faces Critical Support As Bearish Momentum Pe...aces-critical-support-as-bearish-momentum-persist/,1cd07352c525dab9444be53ddaeb74de,2025-11-03T13:50:37+00:00,2025-11-03T23:09:39.542087+00:00,32,@cryptosignals0rg
5527,17528,Chiliz (CHZ/USD) Sellers Maintain Pressure Near Ra...hz-usd-sellers-maintain-pressure-near-range-floor/,27978770bf7ebca4ec5899f3a6143a7c,2025-11-03T13:11:35+00:00,2025-11-03T23:09:39.782138+00:00,32,@cryptosignals0rg
5520,17527,"💥💥SUBSCRIBE TO CRYPTO SIGNALS VIP WITH CARD / USDT... A MONTH!!💥💥

⬇️⬇️⬇️⬇️⬇️⬇️⬇️⬇️⬇️⬇️⬇️⬇️⬇️⬇️⬇️⬇️⬇️⬇️",75e659225b0c28b77991d64af7ba8426,2025-11-03T11:21:02+00:00,2025-11-03T23:09:39.747326+00:00,32,@cryptosignals0rg
5523,17526,"☀️ Brighten Your Monday with a FREE $20 + $500 Air...ifetime VIP access!

Don’t miss out – grab it now!",67c9e8ac0fde25bb174350c627d5bfd2,2025-11-03T08:05:02+00:00,2025-11-03T23:09:39.763911+00:00,32,@cryptosignals0rg
5534,17525,"💥💥SUBSCRIBE TO CRYPTO SIGNALS VIP WITH CARD / USDT... A MONTH!!💥💥

⬇️⬇️⬇️⬇️⬇️⬇️⬇️⬇️⬇️⬇️⬇️⬇️⬇️⬇️⬇️⬇️⬇️⬇️",75e659225b0c28b77991d64af7ba8426,2025-11-03T06:21:01+00:00,2025-11-03T23:09:39.846491+00:00,32,@cryptosignals0rg
5517,17524,"Top Five Trending Coins for Today: ANOMA, TRUMP, D...coins-for-november-1-anoma-trump-dash-virtual-zen/",8ccc68a1292f7a7ba6bd3c4ebe48e802,2025-11-03T04:46:09+00:00,2025-11-03T23:09:39.684832+00:00,32,@cryptosignals0rg
5519,17523,"The World’s Most Reliable Indicator — Truly

From ...analysis/the-worlds-most-reliable-indicator-truly/",99929d7e9437e8df39942a7a21cb0308,2025-11-03T04:36:28+00:00,2025-11-03T23:09:39.714435+00:00,32,@cryptosignals0rg
5532,17522,"💥💥SUBSCRIBE TO CRYPTO SIGNALS VIP WITH CARD / USDT... A MONTH!!💥💥

⬇️⬇️⬇️⬇️⬇️⬇️⬇️⬇️⬇️⬇️⬇️⬇️⬇️⬇️⬇️⬇️⬇️⬇️",75e659225b0c28b77991d64af7ba8426,2025-11-03T01:21:02+00:00,2025-11-03T23:09:39.838172+00:00,32,@cryptosignals0rg
5536,17521,"💥💥SUBSCRIBE TO CRYPTO SIGNALS VIP WITH CARD / USDT... A MONTH!!💥💥

⬇️⬇️⬇️⬇️⬇️⬇️⬇️⬇️⬇️⬇️⬇️⬇️⬇️⬇️⬇️⬇️⬇️⬇️",75e659225b0c28b77991d64af7ba8426,2025-11-02T20:21:01+00:00,2025-11-03T23:09:39.855173+00:00,32,@cryptosignals0rg
5529,17520,You must believe that a trading system or a piece ...ttps://learn2.trade/trading-myths-and-facts-part-3,195e66aaf0f6e5dd8405c5ddc9d6ae4e,2025-11-02T16:00:01+00:00,2025-11-03T23:09:39.824189+00:00,32,@cryptosignals0rg
5518,17519,People often make a mistake by thinking that they ...te contrary time-tested evidence shown by reality.,be041dbf22f9e8f4146ecd529bf3e4db,2025-11-02T15:58:54+00:00,2025-11-03T23:09:39.716309+00:00,32,@cryptosignals0rg
5524,17518,I am personally interested in demonstrating how I ...eople had gone mute about these ‘magical systems’.,e25bf6a0a69c2c185084be78ec945240,2025-11-02T15:56:43+00:00,2025-11-03T23:09:39.773085+00:00,32,@cryptosignals0rg
5533,17517,"💥💥SUBSCRIBE TO CRYPTO SIGNALS VIP WITH CARD / USDT... A MONTH!!💥💥

⬇️⬇️⬇️⬇️⬇️⬇️⬇️⬇️⬇️⬇️⬇️⬇️⬇️⬇️⬇️⬇️⬇️⬇️",75e659225b0c28b77991d64af7ba8426,2025-11-02T15:21:02+00:00,2025-11-03T23:09:39.841644+00:00,32,@cryptosignals0rg
5526,17516,"🎉 $20 FREE + $500 USDT AIRDROP! 🎉

🚀 Ready to Star...posit required for both bonuses!  

🔗 Sign Up Now!",809fb4aef37edbcb0bde4a60999479af,2025-11-02T11:40:03+00:00,2025-11-03T23:09:39.778135+00:00,32,@cryptosignals0rg
5521,17515,"💥💥SUBSCRIBE TO CRYPTO SIGNALS VIP WITH CARD / USDT... A MONTH!!💥💥

⬇️⬇️⬇️⬇️⬇️⬇️⬇️⬇️⬇️⬇️⬇️⬇️⬇️⬇️⬇️⬇️⬇️⬇️",75e659225b0c28b77991d64af7ba8426,2025-11-02T10:21:02+00:00,2025-11-03T23:09:39.767622+00:00,32,@cryptosignals0rg
5537,17514,"OFFICIAL TRUMP Trading Signal (Swing)

Instrument:...rder will be closed if not triggered in 24 hours..",54fb2de821db67c5e0a51721155639ca,2025-11-02T09:09:31+00:00,2025-11-03T23:09:39.871054+00:00,32,@cryptosignals0rg
5528,17513,OFFICIAL TRUMP (TRUMP/USDT) Surges as Market Momen...sdt-surges-as-market-momentum-shifts-towards-9-00/,17d90006ed62bb6c80194c9eea96d444,2025-11-02T09:07:51+00:00,2025-11-03T23:09:39.810906+00:00,32,@cryptosignals0rg
5535,17512,"💥💥SUBSCRIBE TO CRYPTO SIGNALS VIP WITH CARD / USDT... A MONTH!!💥💥

⬇️⬇️⬇️⬇️⬇️⬇️⬇️⬇️⬇️⬇️⬇️⬇️⬇️⬇️⬇️⬇️⬇️⬇️",75e659225b0c28b77991d64af7ba8426,2025-11-02T05:21:02+00:00,2025-11-03T23:09:39.853447+00:00,32,@cryptosignals0rg
5563,17511,"💥💥SUBSCRIBE TO CRYPTO SIGNALS VIP WITH CARD / USDT... A MONTH!!💥💥

⬇️⬇️⬇️⬇️⬇️⬇️⬇️⬇️⬇️⬇️⬇️⬇️⬇️⬇️⬇️⬇️⬇️⬇️",75e659225b0c28b77991d64af7ba8426,2025-11-02T00:21:02+00:00,2025-11-03T23:09:45.246491+00:00,32,@cryptosignals0rg
5564,17510,"If you abandon your good system for another, you w...preservation do not seek that kind of recognition.",47dac277717c9ed553aa4d0d4a258f38,2025-11-01T19:53:02+00:00,2025-11-03T23:09:45.255715+00:00,32,@cryptosignals0rg
5571,17509,Trading legends are not those who always double th...in spite of occasional shortcomings on their part.,45931ca81b6078e48ba04ebe3b3ef268,2025-11-01T19:50:16+00:00,2025-11-03T23:09:45.480480+00:00,32,@cryptosignals0rg
5568,17508,Making the best trading decision in the world is n...ppen quickly; winning trades take time to develop.,69f4cd5dd7aaa60b7e9e0d633ed69858,2025-11-01T19:49:42+00:00,2025-11-03T23:09:45.451497+00:00,32,@cryptosignals0rg
5565,17507,"Trading: Myths and Facts – Part 3

In trading, per...l event. You might still take that trade and lose.",d95e2be7c1fc2fb0fbcf28d9ddde8673,2025-11-01T19:47:24+00:00,2025-11-03T23:09:45.264940+00:00,32,@cryptosignals0rg
5578,17506,"💥💥SUBSCRIBE TO CRYPTO SIGNALS VIP WITH CARD / USDT... A MONTH!!💥💥

⬇️⬇️⬇️⬇️⬇️⬇️⬇️⬇️⬇️⬇️⬇️⬇️⬇️⬇️⬇️⬇️⬇️⬇️",75e659225b0c28b77991d64af7ba8426,2025-11-01T19:21:02+00:00,2025-11-03T23:09:45.520148+00:00,32,@cryptosignals0rg
5567,17505,"💥💥SUBSCRIBE TO CRYPTO SIGNALS VIP WITH CARD / USDT... A MONTH!!💥💥

⬇️⬇️⬇️⬇️⬇️⬇️⬇️⬇️⬇️⬇️⬇️⬇️⬇️⬇️⬇️⬇️⬇️⬇️",75e659225b0c28b77991d64af7ba8426,2025-11-01T14:21:02+00:00,2025-11-03T23:09:45.437952+00:00,32,@cryptosignals0rg
5570,17504,"Hey guys.

We had a steady performance in the cryp...ss our VIP community 🔗🔗

https://cryptosignals.org",dbd21231b668af4a286b239b82cbf656,2025-11-01T13:27:51+00:00,2025-11-03T23:09:45.475390+00:00,32,@cryptosignals0rg
5577,17503,What Is CeDeFi? The Bridge Between Centralized and...dge-between-centralized-and-decentralized-finance/,45c52f53d80edd27070f678ccea453d2,2025-11-01T13:00:27+00:00,2025-11-03T23:09:45.514951+00:00,32,@cryptosignals0rg
5575,17502,"AI Spending Increases as Market Jitters

In recent....org/news/ai-spending-increases-as-market-jitters/",a849bb81be51b13c746bea4bb986b8d6,2025-11-01T12:56:31+00:00,2025-11-03T23:09:45.507118+00:00,32,@cryptosignals0rg
5574,17501,"💥💥SUBSCRIBE TO CRYPTO SIGNALS VIP WITH CARD / USDT... A MONTH!!💥💥

⬇️⬇️⬇️⬇️⬇️⬇️⬇️⬇️⬇️⬇️⬇️⬇️⬇️⬇️⬇️⬇️⬇️⬇️",75e659225b0c28b77991d64af7ba8426,2025-11-01T09:21:02+00:00,2025-11-03T23:09:45.503117+00:00,32,@cryptosignals0rg
5579,17500,"🚀Hi Crypto Traders!🚀

At the present, sustained tr..., come to our VIP group, to see real-time profits.",25c959782000f67a5b2edd6531350ff7,2025-11-01T07:20:44+00:00,2025-11-03T23:09:45.527218+00:00,32,@cryptosignals0rg
5569,17499,"💥💥SUBSCRIBE TO CRYPTO SIGNALS VIP WITH CARD / USDT... A MONTH!!💥💥

⬇️⬇️⬇️⬇️⬇️⬇️⬇️⬇️⬇️⬇️⬇️⬇️⬇️⬇️⬇️⬇️⬇️⬇️",75e659225b0c28b77991d64af7ba8426,2025-11-01T04:21:02+00:00,2025-11-03T23:09:45.465164+00:00,32,@cryptosignals0rg
5576,17498,"🌟 Free $20 + $500 Derivatives Airdrop Just For You...ee lifetime VIP access!

🔗 Start Now! - Join Bybit",9e286561aecac1cf492baa19c3763688,2025-11-01T01:38:02+00:00,2025-11-03T23:09:45.510782+00:00,32,@cryptosignals0rg
21102,17702,"👍👍👍Free Signal!👍👍👍

Bybit Premium Signal
Uniswap T...  https://partner.bybit.com/b/cryptosignalstrading",ce05ebd68a8462044607aae6c928c6bd,2025-11-17T13:16:23+00:00,2025-11-17T15:08:21.679907+00:00,32,@cryptosignals0rg
21103,17701,Uniswap (UNI) Price Prediction: UNI/USDT Hopes to ...on-uni-usdt-hopes-to-shake-off-bearish-sentiments/,2ca0c76971da928a640dfa954f8e22fe,2025-11-17T12:31:35+00:00,2025-11-17T15:08:21.839357+00:00,32,@cryptosignals0rg
21104,17700,Bitcoin (BTC) Price Prediction: BTC/USDT Retains V...c-price-prediction-btc-usdt-retains-vulnerability/,8925cb7d2442d9aa2dd809fd73abe8e2,2025-11-17T12:27:42+00:00,2025-11-17T15:08:22.017857+00:00,32,@cryptosignals0rg
21109,17699,Chainlink (LINK/USDT) Faces Strong Downward Pressu...es-strong-downward-pressure-as-bears-take-control/,c627cb56b7a42bcae7150f43bc4788d5,2025-11-17T12:14:48+00:00,2025-11-17T15:08:22.222994+00:00,32,@cryptosignals0rg
21105,17698,"💥💥SUBSCRIBE TO CRYPTO SIGNALS VIP WITH CARD / USDT... A MONTH!!💥💥

⬇️⬇️⬇️⬇️⬇️⬇️⬇️⬇️⬇️⬇️⬇️⬇️⬇️⬇️⬇️⬇️⬇️⬇️",75e659225b0c28b77991d64af7ba8426,2025-11-17T10:21:02+00:00,2025-11-17T15:08:22.160415+00:00,32,@cryptosignals0rg
21106,17697,"☀️ Brighten Your Monday with a FREE $20 + $500 Air...ifetime VIP access!

Don’t miss out – grab it now!",67c9e8ac0fde25bb174350c627d5bfd2,2025-11-17T08:05:02+00:00,2025-11-17T15:08:22.183412+00:00,32,@cryptosignals0rg
21110,17696,"Top Five Trending Coins for Today: POKT, BAY, ZEC,...ending-coins-for-november-16-pokt-bay-zec-dash-la/",33621f540e7493a0bdb99fc01579de9c,2025-11-17T07:10:57+00:00,2025-11-17T15:08:22.245561+00:00,32,@cryptosignals0rg
21108,17695,Vaporware-Proof Investing: How to Navigate Crypto ...ng-how-to-navigate-crypto-projects-with-confidence,ae563708b5c33da58fc285a136dac593,2025-11-17T06:45:48+00:00,2025-11-17T15:08:22.196541+00:00,32,@cryptosignals0rg
21111,17693,"💥💥SUBSCRIBE TO CRYPTO SIGNALS VIP WITH CARD / USDT... A MONTH!!💥💥

⬇️⬇️⬇️⬇️⬇️⬇️⬇️⬇️⬇️⬇️⬇️⬇️⬇️⬇️⬇️⬇️⬇️⬇️",75e659225b0c28b77991d64af7ba8426,2025-11-17T05:21:02+00:00,2025-11-17T15:08:22.279642+00:00,32,@cryptosignals0rg
21107,17692,"💥💥SUBSCRIBE TO CRYPTO SIGNALS VIP WITH CARD / USDT... A MONTH!!💥💥

⬇️⬇️⬇️⬇️⬇️⬇️⬇️⬇️⬇️⬇️⬇️⬇️⬇️⬇️⬇️⬇️⬇️⬇️",75e659225b0c28b77991d64af7ba8426,2025-11-17T00:21:02+00:00,2025-11-17T15:08:22.189725+00:00,32,@cryptosignals0rg
20907,17690,"💥💥SUBSCRIBE TO CRYPTO SIGNALS VIP WITH CARD / USDT... A MONTH!!💥💥

⬇️⬇️⬇️⬇️⬇️⬇️⬇️⬇️⬇️⬇️⬇️⬇️⬇️⬇️⬇️⬇️⬇️⬇️",75e659225b0c28b77991d64af7ba8426,2025-11-16T14:21:03+00:00,2025-11-16T15:37:23.776083+00:00,32,@cryptosignals0rg
20910,17689,"🎉 $20 FREE + $500 USDT AIRDROP! 🎉

🚀 Ready to Star...posit required for both bonuses!  

🔗 Sign Up Now!",809fb4aef37edbcb0bde4a60999479af,2025-11-16T11:40:03+00:00,2025-11-16T15:37:23.883072+00:00,32,@cryptosignals0rg
20909,17688,"💥💥SUBSCRIBE TO CRYPTO SIGNALS VIP WITH CARD / USDT... A MONTH!!💥💥

⬇️⬇️⬇️⬇️⬇️⬇️⬇️⬇️⬇️⬇️⬇️⬇️⬇️⬇️⬇️⬇️⬇️⬇️",75e659225b0c28b77991d64af7ba8426,2025-11-16T09:21:02+00:00,2025-11-16T15:37:23.874886+00:00,32,@cryptosignals0rg
20911,17687,"OFFICIAL TRUMP Trading Signal (Swing)

Instrument:....250
Target: $6.000
Risk settings: 1%
R. R. R: 1:2",5080e488afad996877e80416bef707b3,2025-11-16T07:23:40+00:00,2025-11-16T15:37:24.109177+00:00,32,@cryptosignals0rg
20912,17686,OFFICIAL TRUMP (TRUMP/USDT) Faces Strong Sell-Off ...aces-strong-sell-off-as-key-support-levels-tested/,7c172de40c89472e0704fbab1a1a586e,2025-11-16T07:22:04+00:00,2025-11-16T15:37:24.113179+00:00,32,@cryptosignals0rg
20913,17685,"💥💥SUBSCRIBE TO CRYPTO SIGNALS VIP WITH CARD / USDT... A MONTH!!💥💥

⬇️⬇️⬇️⬇️⬇️⬇️⬇️⬇️⬇️⬇️⬇️⬇️⬇️⬇️⬇️⬇️⬇️⬇️",75e659225b0c28b77991d64af7ba8426,2025-11-16T04:21:02+00:00,2025-11-16T15:37:24.154844+00:00,32,@cryptosignals0rg
20914,17684,"💥💥SUBSCRIBE TO CRYPTO SIGNALS VIP WITH CARD / USDT... A MONTH!!💥💥

⬇️⬇️⬇️⬇️⬇️⬇️⬇️⬇️⬇️⬇️⬇️⬇️⬇️⬇️⬇️⬇️⬇️⬇️",75e659225b0c28b77991d64af7ba8426,2025-11-15T23:21:02+00:00,2025-11-16T15:37:24.213044+00:00,32,@cryptosignals0rg
22768,17712,Dogecoin (DOGE) Price Prediction: DOGE/USDT Bearis...iction-doge-usdt-bearish-sentiment-maintains-lead/,e2fc192375cf428030cf6c221eee35c8,2025-11-18T13:17:54+00:00,2025-11-18T15:12:09.596033+00:00,32,@cryptosignals0rg
22787,17711,"💥💥SUBSCRIBE TO CRYPTO SIGNALS VIP WITH CARD / USDT... A MONTH!!💥💥

⬇️⬇️⬇️⬇️⬇️⬇️⬇️⬇️⬇️⬇️⬇️⬇️⬇️⬇️⬇️⬇️⬇️⬇️",75e659225b0c28b77991d64af7ba8426,2025-11-18T11:21:02+00:00,2025-11-18T15:12:09.724175+00:00,32,@cryptosignals0rg
22786,17710,"Cryptosignals.org Daily Crypto Overview

Bitcoin: ...TH, XRP, SOL, ADA Drop 8–16% in a Week
-  Coindesk",62c35f4bb2264b8ba212bff425e62214,2025-11-18T08:04:57+00:00,2025-11-18T15:12:09.702761+00:00,32,@cryptosignals0rg
22770,17709,"💥💥SUBSCRIBE TO CRYPTO SIGNALS VIP WITH CARD / USDT... A MONTH!!💥💥

⬇️⬇️⬇️⬇️⬇️⬇️⬇️⬇️⬇️⬇️⬇️⬇️⬇️⬇️⬇️⬇️⬇️⬇️",75e659225b0c28b77991d64af7ba8426,2025-11-18T06:21:02+00:00,2025-11-18T15:12:09.620590+00:00,32,@cryptosignals0rg
22769,17708,"📈 Enhance Your Trading Strategy!

Bybit is offerin... start trading with these exclusive bonuses today!",259aa63a6facd782b1a6a6317c21e9fc,2025-11-18T03:27:02+00:00,2025-11-18T15:12:09.603567+00:00,32,@cryptosignals0rg
22784,17707,"💥💥SUBSCRIBE TO CRYPTO SIGNALS VIP WITH CARD / USDT... A MONTH!!💥💥

⬇️⬇️⬇️⬇️⬇️⬇️⬇️⬇️⬇️⬇️⬇️⬇️⬇️⬇️⬇️⬇️⬇️⬇️",75e659225b0c28b77991d64af7ba8426,2025-11-18T01:21:02+00:00,2025-11-18T15:12:09.698182+00:00,32,@cryptosignals0rg
22785,17706,"🐋 Win free Crypto Whale Pumps Premium every single...zes!!!

Spin every 24 hours for a chance to win!!!",73d1516e8bb2840368f52811d9e3a058,2025-11-18T00:58:02+00:00,2025-11-18T15:12:09.698942+00:00,32,@cryptosignals0rg
22776,17705,"💥💥SUBSCRIBE TO CRYPTO SIGNALS VIP WITH CARD / USDT... A MONTH!!💥💥

⬇️⬇️⬇️⬇️⬇️⬇️⬇️⬇️⬇️⬇️⬇️⬇️⬇️⬇️⬇️⬇️⬇️⬇️",75e659225b0c28b77991d64af7ba8426,2025-11-17T20:21:02+00:00,2025-11-18T15:12:09.642947+00:00,32,@cryptosignals0rg
22782,17704,Stock Market Manipulation: Is the Game Rigged by t...anipulation-is-the-game-rigged-by-the-big-players/,c25ae283d63164cafc70a8e90003a123,2025-11-17T19:22:30+00:00,2025-11-18T15:12:09.695068+00:00,32,@cryptosignals0rg
23034,17716,"💥💥SUBSCRIBE TO CRYPTO SIGNALS VIP WITH CARD / USDT... A MONTH!!💥💥

⬇️⬇️⬇️⬇️⬇️⬇️⬇️⬇️⬇️⬇️⬇️⬇️⬇️⬇️⬇️⬇️⬇️⬇️",75e659225b0c28b77991d64af7ba8426,2025-11-18T16:21:02+00:00,2025-11-18T16:29:49.397136+00:00,32,@cryptosignals0rg
23033,17715,Sui (SUI/USD) Market Shows Early Recovery Signs Bu...covery-signs-building-toward-bullish-continuation/,97c4821b6b05214c96608929dfb67ce5,2025-11-18T15:56:25+00:00,2025-11-18T16:29:49.381369+00:00,32,@cryptosignals0rg
23032,17714,XRP (XRP/USDT) Faces Bearish Pressure Above Critic...es-bearish-pressure-above-critical-support-region/,15b272b11a96e0947515fe8db61aab9c,2025-11-18T15:49:48+00:00,2025-11-18T16:29:49.379049+00:00,32,@cryptosignals0rg
23657,17727,PEPEUSD Compression Deepens Near Support as Volati...pression-deepens-near-support-as-volatility-fades/,4911e7e3bd60ab6b2df1b7f7be07d7e6,2025-11-19T15:27:54+00:00,2025-11-19T15:41:45.178761+00:00,32,@cryptosignals0rg
23661,17726,Litecoin (LTC) Price Prediction: LTC/USDT Lurks Be...-price-prediction-ltc-usdt-lurks-below-key-levels/,2bf100257b3035c928ae19d487bf4b3a,2025-11-19T14:21:47+00:00,2025-11-19T15:41:45.300434+00:00,32,@cryptosignals0rg
23669,17725,Polkadot (DOT/USDT) Faces Pressure While Testing C...es-pressure-while-testing-critical-support-levels/,dcf7388f2516d1fc7a5b9ee13970c412,2025-11-19T14:18:39+00:00,2025-11-19T15:41:45.440172+00:00,32,@cryptosignals0rg
23680,17724,"💥💥SUBSCRIBE TO CRYPTO SIGNALS VIP WITH CARD / USDT... A MONTH!!💥💥

⬇️⬇️⬇️⬇️⬇️⬇️⬇️⬇️⬇️⬇️⬇️⬇️⬇️⬇️⬇️⬇️⬇️⬇️",75e659225b0c28b77991d64af7ba8426,2025-11-19T12:21:02+00:00,2025-11-19T15:41:45.773743+00:00,32,@cryptosignals0rg
23673,17723,Enhance your Bybit trading with a $20 bonus + $500...hts! Click here to claim free lifetime VIP access!,e3025571cfccd717735a59247bdad57c,2025-11-19T12:06:02+00:00,2025-11-19T15:41:45.517790+00:00,32,@cryptosignals0rg
23666,17722,"The Importance of Patience, Time, and Discipline i...rtance-of-patience-time-and-discipline-in-trading/",fe4a38d4075a5fd82ddb9bb1728f07b1,2025-11-19T09:30:38+00:00,2025-11-19T15:41:45.396232+00:00,32,@cryptosignals0rg
23665,17721,"💥💥SUBSCRIBE TO CRYPTO SIGNALS VIP WITH CARD / USDT... A MONTH!!💥💥

⬇️⬇️⬇️⬇️⬇️⬇️⬇️⬇️⬇️⬇️⬇️⬇️⬇️⬇️⬇️⬇️⬇️⬇️",75e659225b0c28b77991d64af7ba8426,2025-11-19T07:21:02+00:00,2025-11-19T15:41:45.380473+00:00,32,@cryptosignals0rg
23678,17720,"💥💥SUBSCRIBE TO CRYPTO SIGNALS VIP WITH CARD / USDT... A MONTH!!💥💥

⬇️⬇️⬇️⬇️⬇️⬇️⬇️⬇️⬇️⬇️⬇️⬇️⬇️⬇️⬇️⬇️⬇️⬇️",75e659225b0c28b77991d64af7ba8426,2025-11-19T02:21:02+00:00,2025-11-19T15:41:45.571603+00:00,32,@cryptosignals0rg
23676,17719,"Cryptosignals.org Daily Crypto Overview

Bitcoin: ...coin ETF as Bearish Options Cost Soars
-  Coindesk",806f26daca7e299fc880fef726f3e8d5,2025-11-18T22:55:21+00:00,2025-11-19T15:41:45.524384+00:00,32,@cryptosignals0rg
23679,17718,"💥💥SUBSCRIBE TO CRYPTO SIGNALS VIP WITH CARD / USDT... A MONTH!!💥💥

⬇️⬇️⬇️⬇️⬇️⬇️⬇️⬇️⬇️⬇️⬇️⬇️⬇️⬇️⬇️⬇️⬇️⬇️",75e659225b0c28b77991d64af7ba8426,2025-11-18T21:21:03+00:00,2025-11-19T15:41:45.577437+00:00,32,@cryptosignals0rg
24514,17737,"💥💥SUBSCRIBE TO CRYPTO SIGNALS VIP WITH CARD / USDT... A MONTH!!💥💥

⬇️⬇️⬇️⬇️⬇️⬇️⬇️⬇️⬇️⬇️⬇️⬇️⬇️⬇️⬇️⬇️⬇️⬇️",75e659225b0c28b77991d64af7ba8426,2025-11-20T13:21:03+00:00,2025-11-20T15:44:35.506082+00:00,32,@cryptosignals0rg
24517,17736,Internet Computer (ICP/USD) Preserves Upward Momen...computer-icp-usd-preserves-upward-momentum-at-4-9/,b6b396e186971042683f4be957be3f21,2025-11-20T13:18:40+00:00,2025-11-20T15:44:35.546385+00:00,32,@cryptosignals0rg
24520,17735,"💥💥SUBSCRIBE TO CRYPTO SIGNALS VIP WITH CARD / USDT... A MONTH!!💥💥

⬇️⬇️⬇️⬇️⬇️⬇️⬇️⬇️⬇️⬇️⬇️⬇️⬇️⬇️⬇️⬇️⬇️⬇️",75e659225b0c28b77991d64af7ba8426,2025-11-20T08:21:02+00:00,2025-11-20T15:44:36.062697+00:00,32,@cryptosignals0rg
24521,17734,Bitcoin Mining Faces Major Profit Squeeze as Costs...s-major-profit-squeeze-as-costs-hit-74600-per-btc/,5a6b3486a52e8095870df3a1aa8e841e,2025-11-20T05:46:23+00:00,2025-11-20T15:44:36.192082+00:00,32,@cryptosignals0rg
24522,17733,"Cryptosignals.org Daily Crypto Overview

Bitcoin: ...rket Stress Reveals a New Crypto Order
-  Coindesk",92edcde334c09c6663a5c039057b3b1c,2025-11-20T05:46:12+00:00,2025-11-20T15:44:36.233557+00:00,32,@cryptosignals0rg
24524,17731,"💥💥SUBSCRIBE TO CRYPTO SIGNALS VIP WITH CARD / USDT... A MONTH!!💥💥

⬇️⬇️⬇️⬇️⬇️⬇️⬇️⬇️⬇️⬇️⬇️⬇️⬇️⬇️⬇️⬇️⬇️⬇️",75e659225b0c28b77991d64af7ba8426,2025-11-20T03:21:02+00:00,2025-11-20T15:44:36.464664+00:00,32,@cryptosignals0rg
24523,17730,"💥💥SUBSCRIBE TO CRYPTO SIGNALS VIP WITH CARD / USDT... A MONTH!!💥💥

⬇️⬇️⬇️⬇️⬇️⬇️⬇️⬇️⬇️⬇️⬇️⬇️⬇️⬇️⬇️⬇️⬇️⬇️",75e659225b0c28b77991d64af7ba8426,2025-11-19T22:21:02+00:00,2025-11-20T15:44:36.387096+00:00,32,@cryptosignals0rg
24527,17729,"💥💥SUBSCRIBE TO CRYPTO SIGNALS VIP WITH CARD / USDT... A MONTH!!💥💥

⬇️⬇️⬇️⬇️⬇️⬇️⬇️⬇️⬇️⬇️⬇️⬇️⬇️⬇️⬇️⬇️⬇️⬇️",75e659225b0c28b77991d64af7ba8426,2025-11-19T17:21:02+00:00,2025-11-20T15:44:36.606730+00:00,32,@cryptosignals0rg
26740,17768,"💥💥SUBSCRIBE TO CRYPTO SIGNALS VIP WITH CARD / USDT... A MONTH!!💥💥

⬇️⬇️⬇️⬇️⬇️⬇️⬇️⬇️⬇️⬇️⬇️⬇️⬇️⬇️⬇️⬇️⬇️⬇️",75e659225b0c28b77991d64af7ba8426,2025-11-22T15:21:02+00:00,2025-11-22T16:44:05.047921+00:00,32,@cryptosignals0rg
26746,17767,"Hey guys.

We had a steady performance in the cryp...ss our VIP community 🔗🔗

https://cryptosignals.org",dbd21231b668af4a286b239b82cbf656,2025-11-22T14:56:49+00:00,2025-11-22T16:44:05.280578+00:00,32,@cryptosignals0rg
26745,17766,Something you need to know about BITCOIN investing...ophets of dooms and resistance from world leaders?,da5294119c01e7368a51fd99665c0a89,2025-11-22T14:38:57+00:00,2025-11-22T16:44:05.237905+00:00,32,@cryptosignals0rg
26741,17765,"💥💥SUBSCRIBE TO CRYPTO SIGNALS VIP WITH CARD / USDT... A MONTH!!💥💥

⬇️⬇️⬇️⬇️⬇️⬇️⬇️⬇️⬇️⬇️⬇️⬇️⬇️⬇️⬇️⬇️⬇️⬇️",75e659225b0c28b77991d64af7ba8426,2025-11-22T10:21:02+00:00,2025-11-22T16:44:05.142724+00:00,32,@cryptosignals0rg
26748,17764,How to “Quantum-Proof” Your Bitcoin Before the Fut...ntum-proof-your-bitcoin-before-the-future-arrives/,dbdeb511658c9cacd5a2ab1f232aa2a0,2025-11-22T07:53:03+00:00,2025-11-22T16:44:05.385391+00:00,32,@cryptosignals0rg
26742,17763,"Solana’s Growth Amidst Shifting ETF Trends

On Wed...rg/news/solanas-growth-amidst-shifting-etf-trends/",7da389e46793bf3626e22fc1e2d346d9,2025-11-22T07:51:40+00:00,2025-11-22T16:44:05.209701+00:00,32,@cryptosignals0rg
26744,17761,"💥💥SUBSCRIBE TO CRYPTO SIGNALS VIP WITH CARD / USDT... A MONTH!!💥💥

⬇️⬇️⬇️⬇️⬇️⬇️⬇️⬇️⬇️⬇️⬇️⬇️⬇️⬇️⬇️⬇️⬇️⬇️",75e659225b0c28b77991d64af7ba8426,2025-11-22T05:21:02+00:00,2025-11-22T16:44:05.228196+00:00,32,@cryptosignals0rg
26743,17760,"🌟 Free $20 + $500 Derivatives Airdrop Just For You...ee lifetime VIP access!

🔗 Start Now! - Join Bybit",9e286561aecac1cf492baa19c3763688,2025-11-22T01:38:02+00:00,2025-11-22T16:44:05.214281+00:00,32,@cryptosignals0rg
26751,17759,"💥💥SUBSCRIBE TO CRYPTO SIGNALS VIP WITH CARD / USDT... A MONTH!!💥💥

⬇️⬇️⬇️⬇️⬇️⬇️⬇️⬇️⬇️⬇️⬇️⬇️⬇️⬇️⬇️⬇️⬇️⬇️",75e659225b0c28b77991d64af7ba8426,2025-11-22T00:21:02+00:00,2025-11-22T16:44:05.470749+00:00,32,@cryptosignals0rg
26750,17758,"💥💥SUBSCRIBE TO CRYPTO SIGNALS VIP WITH CARD / USDT... A MONTH!!💥💥

⬇️⬇️⬇️⬇️⬇️⬇️⬇️⬇️⬇️⬇️⬇️⬇️⬇️⬇️⬇️⬇️⬇️⬇️",75e659225b0c28b77991d64af7ba8426,2025-11-21T19:21:03+00:00,2025-11-22T16:44:05.433712+00:00,32,@cryptosignals0rg
26749,17757,"Cryptosignals.org Daily Crypto Overview

Bitcoin: ...Stimulus Package; BTC Dip Keeps Giving
-  Coindesk",4a139d6f0b8f1f30aca3bf22b422448e,2025-11-21T18:53:41+00:00,2025-11-22T16:44:05.407601+00:00,32,@cryptosignals0rg
26747,17756,"💥💥SUBSCRIBE TO CRYPTO SIGNALS VIP WITH CARD / USDT... A MONTH!!💥💥

⬇️⬇️⬇️⬇️⬇️⬇️⬇️⬇️⬇️⬇️⬇️⬇️⬇️⬇️⬇️⬇️⬇️⬇️",75e659225b0c28b77991d64af7ba8426,2025-11-21T14:21:02+00:00,2025-11-22T16:44:05.386730+00:00,32,@cryptosignals0rg
26752,17755,"🚀🚀🚀Free Signal!🚀🚀🚀

Bybit Premium Signal

Uniswap ...  https://partner.bybit.com/b/cryptosignalstrading",93031eccaa7a3873cbb3ee403341f988,2025-11-21T13:34:30+00:00,2025-11-22T16:44:05.516706+00:00,32,@cryptosignals0rg
26753,17754,Uniswap (UNI) Price Prediction: UNI/USDT Stabilize...iction-uni-usdt-stabilizes-amid-market-turbulence/,b0cfffd3efa1d43b215a6d8945ef32b1,2025-11-21T13:33:52+00:00,2025-11-22T16:44:05.562285+00:00,32,@cryptosignals0rg
26754,17752,Bitcoin (BTCUSD) Market Displays Sustained Downsid...sustained-downside-pressure-below-key-value-areas/,0e396486bb10cc7bcbe2c7adbcd20539,2025-11-21T13:20:35+00:00,2025-11-22T16:44:05.661287+00:00,32,@cryptosignals0rg
26755,17751,Cartesi (CTSI/USD) Attempts a Break Above Key Resi...si-ctsi-usd-attempts-a-break-above-key-resistance/,6572559084ac47dd9e5ca1c37c02b3ee,2025-11-21T13:18:53+00:00,2025-11-22T16:44:05.731869+00:00,32,@cryptosignals0rg
26757,17750,"💸 FREE $20 + $500 Derivatives Airdrop – LIMITED TI...FER  

🔗 SIGN UP BEFORE IT'S TOO LATE!  
JOIN HERE",7961cfbe2b309f2b3582c424cc5a7b4f,2025-11-21T10:02:02+00:00,2025-11-22T16:44:05.781296+00:00,32,@cryptosignals0rg
26756,17749,"💥💥SUBSCRIBE TO CRYPTO SIGNALS VIP WITH CARD / USDT... A MONTH!!💥💥

⬇️⬇️⬇️⬇️⬇️⬇️⬇️⬇️⬇️⬇️⬇️⬇️⬇️⬇️⬇️⬇️⬇️⬇️",75e659225b0c28b77991d64af7ba8426,2025-11-21T09:21:02+00:00,2025-11-22T16:44:05.742338+00:00,32,@cryptosignals0rg
26761,17748,"💥💥SUBSCRIBE TO CRYPTO SIGNALS VIP WITH CARD / USDT... A MONTH!!💥💥

⬇️⬇️⬇️⬇️⬇️⬇️⬇️⬇️⬇️⬇️⬇️⬇️⬇️⬇️⬇️⬇️⬇️⬇️",75e659225b0c28b77991d64af7ba8426,2025-11-21T04:21:02+00:00,2025-11-22T16:44:06.010321+00:00,32,@cryptosignals0rg
26765,17747,"Hyperliquid Trading Signal (Swing)

Instrument: HY...rder will be closed if not triggered in 24 hours..",5db62dc4c2da6e1034927f8a55915268,2025-11-20T23:26:25+00:00,2025-11-22T16:44:06.061406+00:00,32,@cryptosignals0rg
26760,17746,Hyperliquid (HYPE/USDT) Faces Resistance Amid Mark...hype-usdt-faces-resistance-amid-market-volatility/,2aaffa5bfc7185f4737d03742cd7570e,2025-11-20T23:24:51+00:00,2025-11-22T16:44:05.968076+00:00,32,@cryptosignals0rg
26758,17745,"💥💥SUBSCRIBE TO CRYPTO SIGNALS VIP WITH CARD / USDT... A MONTH!!💥💥

⬇️⬇️⬇️⬇️⬇️⬇️⬇️⬇️⬇️⬇️⬇️⬇️⬇️⬇️⬇️⬇️⬇️⬇️",75e659225b0c28b77991d64af7ba8426,2025-11-20T23:21:03+00:00,2025-11-22T16:44:05.939191+00:00,32,@cryptosignals0rg
26763,17744,"Cryptosignals.org Daily Crypto Overview

Bitcoin: ...rns Defensive as Bitcoin Loses Its Bid
-  Coindesk",a6e9ee22cfcbf4f4cd1a5d29818d104a,2025-11-20T23:20:50+00:00,2025-11-22T16:44:06.024585+00:00,32,@cryptosignals0rg
26764,17743,Professional traders understand the value of every...n up here and elevate your trading strategy today.,83680a45b5a0979853d2210cfd7e0311,2025-11-20T18:31:02+00:00,2025-11-22T16:44:06.057231+00:00,32,@cryptosignals0rg
26759,17742,"💥💥SUBSCRIBE TO CRYPTO SIGNALS VIP WITH CARD / USDT... A MONTH!!💥💥

⬇️⬇️⬇️⬇️⬇️⬇️⬇️⬇️⬇️⬇️⬇️⬇️⬇️⬇️⬇️⬇️⬇️⬇️",75e659225b0c28b77991d64af7ba8426,2025-11-20T18:21:03+00:00,2025-11-22T16:44:05.963572+00:00,32,@cryptosignals0rg
26766,17741,"🚀Hi Crypto Traders!🚀

At the present, ... The mark..., come to our VIP group, to see real-time profits.",6b08baf9d6d80b53a8d74d0ff8703a24,2025-11-20T17:02:47+00:00,2025-11-22T16:44:06.072317+00:00,32,@cryptosignals0rg
26762,17740,Bitcoin Cash (BCH/USD) Market Extends Downside Pre...tends-downside-pressure-toward-structural-supports,1966287ac6f64e514f03d98fe71784da,2025-11-20T16:31:21+00:00,2025-11-22T16:44:06.017055+00:00,32,@cryptosignals0rg
26767,17739,Cosmos (ATOM/USD) Bullish Bias Emerging as Bears L...-usd-bullish-bias-emerging-as-bears-lose-momentum/,7ffae4c51ebda2f21f0dda32108b8056,2025-11-20T16:15:24+00:00,2025-11-22T16:44:06.314915+00:00,32,@cryptosignals0rg
29309,17776,"💥💥SUBSCRIBE TO CRYPTO SIGNALS VIP WITH CARD / USDT... A MONTH!!💥💥

⬇️⬇️⬇️⬇️⬇️⬇️⬇️⬇️⬇️⬇️⬇️⬇️⬇️⬇️⬇️⬇️⬇️⬇️",75e659225b0c28b77991d64af7ba8426,2025-11-23T16:21:02+00:00,2025-11-23T17:23:18.141575+00:00,32,@cryptosignals0rg
29318,17775,"🎉 $20 FREE + $500 USDT AIRDROP! 🎉

🚀 Ready to Star...posit required for both bonuses!  

🔗 Sign Up Now!",809fb4aef37edbcb0bde4a60999479af,2025-11-23T11:40:03+00:00,2025-11-23T17:23:18.642134+00:00,32,@cryptosignals0rg
29315,17774,"💥💥SUBSCRIBE TO CRYPTO SIGNALS VIP WITH CARD / USDT... A MONTH!!💥💥

⬇️⬇️⬇️⬇️⬇️⬇️⬇️⬇️⬇️⬇️⬇️⬇️⬇️⬇️⬇️⬇️⬇️⬇️",75e659225b0c28b77991d64af7ba8426,2025-11-23T11:21:02+00:00,2025-11-23T17:23:18.415695+00:00,32,@cryptosignals0rg
29329,17773,"💥💥SUBSCRIBE TO CRYPTO SIGNALS VIP WITH CARD / USDT... A MONTH!!💥💥

⬇️⬇️⬇️⬇️⬇️⬇️⬇️⬇️⬇️⬇️⬇️⬇️⬇️⬇️⬇️⬇️⬇️⬇️",75e659225b0c28b77991d64af7ba8426,2025-11-23T06:21:02+00:00,2025-11-23T17:23:19.028386+00:00,32,@cryptosignals0rg
29325,17772,"Official Trump Trading Signal (Swing)

Instrument:....260
Target: $6.360
Risk settings: 1%
R. R. R: 1:2",c31443e4db8e2bc935ae44756f67364c,2025-11-23T02:05:48+00:00,2025-11-23T17:23:18.731846+00:00,32,@cryptosignals0rg
29322,17771,OFFICIAL TRUMP (TRUMP/USDT) Faces Resistance as Vo...ump-usdt-faces-resistance-as-volatility-continues/,72b06cc6546ad5730153426eda2b1899,2025-11-23T02:03:59+00:00,2025-11-23T17:23:18.689368+00:00,32,@cryptosignals0rg
29328,17770,"💥💥SUBSCRIBE TO CRYPTO SIGNALS VIP WITH CARD / USDT... A MONTH!!💥💥

⬇️⬇️⬇️⬇️⬇️⬇️⬇️⬇️⬇️⬇️⬇️⬇️⬇️⬇️⬇️⬇️⬇️⬇️",75e659225b0c28b77991d64af7ba8426,2025-11-23T01:21:02+00:00,2025-11-23T17:23:18.991530+00:00,32,@cryptosignals0rg
31366,17790,"💥💥SUBSCRIBE TO CRYPTO SIGNALS VIP WITH CARD / USDT... A MONTH!!💥💥

⬇️⬇️⬇️⬇️⬇️⬇️⬇️⬇️⬇️⬇️⬇️⬇️⬇️⬇️⬇️⬇️⬇️⬇️",75e659225b0c28b77991d64af7ba8426,2025-11-24T17:21:02+00:00,2025-11-24T17:39:12.633663+00:00,32,@cryptosignals0rg
31379,17789,"💥💥SUBSCRIBE TO CRYPTO SIGNALS VIP WITH CARD / USDT... A MONTH!!💥💥

⬇️⬇️⬇️⬇️⬇️⬇️⬇️⬇️⬇️⬇️⬇️⬇️⬇️⬇️⬇️⬇️⬇️⬇️",75e659225b0c28b77991d64af7ba8426,2025-11-24T12:21:02+00:00,2025-11-24T17:39:13.237670+00:00,32,@cryptosignals0rg
31375,17787,"☀️ Brighten Your Monday with a FREE $20 + $500 Air...ifetime VIP access!

Don’t miss out – grab it now!",67c9e8ac0fde25bb174350c627d5bfd2,2025-11-24T08:05:02+00:00,2025-11-24T17:39:12.919786+00:00,32,@cryptosignals0rg
31384,17786,"💥💥SUBSCRIBE TO CRYPTO SIGNALS VIP WITH CARD / USDT... A MONTH!!💥💥

⬇️⬇️⬇️⬇️⬇️⬇️⬇️⬇️⬇️⬇️⬇️⬇️⬇️⬇️⬇️⬇️⬇️⬇️",75e659225b0c28b77991d64af7ba8426,2025-11-24T07:21:02+00:00,2025-11-24T17:39:13.448441+00:00,32,@cryptosignals0rg
31389,17785,"Top Five Trending Coins for Today: AIA, WLFI, LAYE...ing-coins-for-november-23-aia-wlfi-layer-bch-coai/",cabae639d67cbad60a00dea327a65870,2025-11-24T07:18:24+00:00,2025-11-24T17:39:13.569386+00:00,32,@cryptosignals0rg
31367,17784,"The Psychology Behind Long-Term Growth

Trading is...the-psychology-behind-long-term-growth-in-trading/",76a91f123d1670f5bf38d7f9c47d77f4,2025-11-24T07:12:06+00:00,2025-11-24T17:39:12.697104+00:00,32,@cryptosignals0rg
31369,17782,Lucky Block Surges 12% as Technical Breakout Gains...ck-surges-12-as-technical-breakout-gains-momentum/,5eaf00ca9a259ec8813ace2b0418f7e4,2025-11-24T07:02:36+00:00,2025-11-24T17:39:12.713142+00:00,32,@cryptosignals0rg
31368,17781,"💥💥SUBSCRIBE TO CRYPTO SIGNALS VIP WITH CARD / USDT... A MONTH!!💥💥

⬇️⬇️⬇️⬇️⬇️⬇️⬇️⬇️⬇️⬇️⬇️⬇️⬇️⬇️⬇️⬇️⬇️⬇️",75e659225b0c28b77991d64af7ba8426,2025-11-24T02:21:02+00:00,2025-11-24T17:39:12.634668+00:00,32,@cryptosignals0rg
31376,17780,"💥💥SUBSCRIBE TO CRYPTO SIGNALS VIP WITH CARD / USDT... A MONTH!!💥💥

⬇️⬇️⬇️⬇️⬇️⬇️⬇️⬇️⬇️⬇️⬇️⬇️⬇️⬇️⬇️⬇️⬇️⬇️",75e659225b0c28b77991d64af7ba8426,2025-11-23T21:21:02+00:00,2025-11-24T17:39:12.924720+00:00,32,@cryptosignals0rg
31372,17779,"The Path to 1 Billion
100 million people used cryp...hy I’m buying.

By James A (Altucher Confidential)",486198ec208fd4370c8900ab7624424f,2025-11-23T17:56:46+00:00,2025-11-24T17:39:12.748727+00:00,32,@cryptosignals0rg
31381,17778,"The Numbers
Stablecoin volume has gone from $2.5 t...o 27 countries today.

And the biggest one: users.",b55336d5ab466f79c1c9e2c234e7ab8f,2025-11-23T17:55:06+00:00,2025-11-24T17:39:13.390396+00:00,32,@cryptosignals0rg
33976,17802,"💥💥SUBSCRIBE TO CRYPTO SIGNALS VIP WITH CARD / USDT... A MONTH!!💥💥

⬇️⬇️⬇️⬇️⬇️⬇️⬇️⬇️⬇️⬇️⬇️⬇️⬇️⬇️⬇️⬇️⬇️⬇️",75e659225b0c28b77991d64af7ba8426,2025-11-25T13:21:02+00:00,2025-11-25T18:01:12.849394+00:00,32,@cryptosignals0rg
34018,17801,"💥💥SUBSCRIBE TO CRYPTO SIGNALS VIP WITH CARD / USDT... A MONTH!!💥💥

⬇️⬇️⬇️⬇️⬇️⬇️⬇️⬇️⬇️⬇️⬇️⬇️⬇️⬇️⬇️⬇️⬇️⬇️",75e659225b0c28b77991d64af7ba8426,2025-11-25T08:21:02+00:00,2025-11-25T18:01:13.251610+00:00,32,@cryptosignals0rg
34009,17800,"🐋 Win free Crypto Whale Pumps Premium every single...zes!!!

Spin every 24 hours for a chance to win!!!",73d1516e8bb2840368f52811d9e3a058,2025-11-25T04:58:02+00:00,2025-11-25T18:01:13.183277+00:00,32,@cryptosignals0rg
34017,17799,"🚀Hi Crypto Traders!🚀

At the present, ... The mark..., come to our VIP group, to see real-time profits.",f5cc3299163c3566d0dc7b093fd8f826,2025-11-25T04:09:25+00:00,2025-11-25T18:01:13.245302+00:00,32,@cryptosignals0rg
33998,17798,"📈 Enhance Your Trading Strategy!

Bybit is offerin... start trading with these exclusive bonuses today!",259aa63a6facd782b1a6a6317c21e9fc,2025-11-25T03:27:02+00:00,2025-11-25T18:01:13.082899+00:00,32,@cryptosignals0rg
34001,17797,"💥💥SUBSCRIBE TO CRYPTO SIGNALS VIP WITH CARD / USDT... A MONTH!!💥💥

⬇️⬇️⬇️⬇️⬇️⬇️⬇️⬇️⬇️⬇️⬇️⬇️⬇️⬇️⬇️⬇️⬇️⬇️",75e659225b0c28b77991d64af7ba8426,2025-11-25T03:21:02+00:00,2025-11-25T18:01:13.106336+00:00,32,@cryptosignals0rg
34004,17796,"Cryptosignals.org Daily Crypto Overview

Bitcoin: ...e Blue Chips as D.O.G.E Calls it Quits
-  Coindesk",0f9ca8bf0c45428808b547614efc7538,2025-11-24T23:20:25+00:00,2025-11-25T18:01:13.121746+00:00,32,@cryptosignals0rg
33997,17795,Stellar (XLM/USD) Market Prepares For Upward Reval...pward-revaluation-amid-emerging-bullish-structure/,5470cbf6fd73e4147370f0780b885fab,2025-11-24T23:00:06+00:00,2025-11-25T18:01:13.057037+00:00,32,@cryptosignals0rg
34002,17794,POL (prev. MATIC) Price Prediction: POL/USDT Keeps...-price-prediction-pol-usdt-keeps-falling-headlong/,03a33467552f6ef9dfd2246aa13dc954,2025-11-24T22:50:41+00:00,2025-11-25T18:01:13.109958+00:00,32,@cryptosignals0rg
33960,17793,ChainLink (LINK/USDT) Displays Moderate Uptrend Am...isplays-moderate-uptrend-amidst-market-volatility/,b4fc46516442a6fc6c30bc252d165eaf,2025-11-24T22:36:44+00:00,2025-11-25T18:01:12.522977+00:00,32,@cryptosignals0rg
33961,17792,"💥💥SUBSCRIBE TO CRYPTO SIGNALS VIP WITH CARD / USDT... A MONTH!!💥💥

⬇️⬇️⬇️⬇️⬇️⬇️⬇️⬇️⬇️⬇️⬇️⬇️⬇️⬇️⬇️⬇️⬇️⬇️",75e659225b0c28b77991d64af7ba8426,2025-11-24T22:21:02+00:00,2025-11-25T18:01:12.535527+00:00,32,@cryptosignals0rg
36340,17821,"💥💥SUBSCRIBE TO CRYPTO SIGNALS VIP WITH CARD / USDT... A MONTH!!💥💥

⬇️⬇️⬇️⬇️⬇️⬇️⬇️⬇️⬇️⬇️⬇️⬇️⬇️⬇️⬇️⬇️⬇️⬇️",75e659225b0c28b77991d64af7ba8426,2025-11-26T14:21:02+00:00,2025-11-26T18:23:30.952002+00:00,32,@cryptosignals0rg
36330,17820,"Pepe (PEPE), 

Decentraland (MANA), 

Chiliz (CHZ)..., come to our VIP group, to see real-time profits.",8dc7d010b09c7b26b61680bd45d2dcba,2025-11-26T13:29:44+00:00,2025-11-26T18:23:30.864799+00:00,32,@cryptosignals0rg
36305,17818,Decentraland  (MANA/USD Testing Multi-Month Suppor...usd-testing-multi-month-support-as-momentum-wanes/,ab29194965c60514a22ed79cb1d5cdfe,2025-11-26T13:01:19+00:00,2025-11-26T18:23:29.907168+00:00,32,@cryptosignals0rg
36338,17817,PEPE/USD Momentum Fades as Support Nears Breakdown...epe-usd-momentum-fades-as-support-nears-breakdown/,da37fa47329699259fcb7eb5e05f8d93,2025-11-26T12:56:49+00:00,2025-11-26T18:23:30.930238+00:00,32,@cryptosignals0rg
36319,17816,Chiliz Experiences Narrow Rebound Amid Long-Term F...experiences-narrow-rebound-amid-long-term-fatigue/,e1b93b0b371bbd1c405c5db88c3047f9,2025-11-26T12:53:20+00:00,2025-11-26T18:23:30.436076+00:00,32,@cryptosignals0rg
36313,17815,Enhance your Bybit trading with a $20 bonus + $500...hts! Click here to claim free lifetime VIP access!,e3025571cfccd717735a59247bdad57c,2025-11-26T12:06:03+00:00,2025-11-26T18:23:30.258330+00:00,32,@cryptosignals0rg
36299,17814,"💥💥SUBSCRIBE TO CRYPTO SIGNALS VIP WITH CARD / USDT... A MONTH!!💥💥

⬇️⬇️⬇️⬇️⬇️⬇️⬇️⬇️⬇️⬇️⬇️⬇️⬇️⬇️⬇️⬇️⬇️⬇️",75e659225b0c28b77991d64af7ba8426,2025-11-26T09:21:03+00:00,2025-11-26T18:23:29.800948+00:00,32,@cryptosignals0rg
36301,17813,"Mass Unemployment from AI Still a Distant Concern
...mass-unemployment-from-ai-still-a-distant-concern/",b303e441126b5dbe773be6307685cc0e,2025-11-26T08:59:13+00:00,2025-11-26T18:23:29.865435+00:00,32,@cryptosignals0rg
36308,17812,Bitcoin Capitulation: A Setup for a Potential Surg...itcoin-capitulation-a-setup-for-a-potential-surge/,0395230dd6bb507132875bf9ba83a9d4,2025-11-26T08:58:42+00:00,2025-11-26T18:23:29.999003+00:00,32,@cryptosignals0rg
36311,17811,"💥💥SUBSCRIBE TO CRYPTO SIGNALS VIP WITH CARD / USDT... A MONTH!!💥💥

⬇️⬇️⬇️⬇️⬇️⬇️⬇️⬇️⬇️⬇️⬇️⬇️⬇️⬇️⬇️⬇️⬇️⬇️",75e659225b0c28b77991d64af7ba8426,2025-11-26T04:21:03+00:00,2025-11-26T18:23:30.170260+00:00,32,@cryptosignals0rg
36315,17810,"🚀🚀🚀Free Signal!🚀🚀🚀

Litecoin Trading Signal (Swing...er will be closed if not triggered after 24 hours.",ca8f8c75eeae65267a4e209eaceb32b1,2025-11-26T03:49:28+00:00,2025-11-26T18:23:30.338936+00:00,32,@cryptosignals0rg
36339,17809,Litecoin (LTC) Price Prediction: LTC/USDT Extends ...tc-price-prediction-ltc-usdt-extends-modest-gains/,1c86f5d45c30da7660ec478467ff38df,2025-11-26T03:46:39+00:00,2025-11-26T18:23:30.931438+00:00,32,@cryptosignals0rg
36322,17808,"💥💥SUBSCRIBE TO CRYPTO SIGNALS VIP WITH CARD / USDT... A MONTH!!💥💥

⬇️⬇️⬇️⬇️⬇️⬇️⬇️⬇️⬇️⬇️⬇️⬇️⬇️⬇️⬇️⬇️⬇️⬇️",75e659225b0c28b77991d64af7ba8426,2025-11-25T23:21:02+00:00,2025-11-26T18:23:30.577759+00:00,32,@cryptosignals0rg
36341,17807,"🐂🐂🐂Free Signal! 🐂🐂🐂

XRP Trading Signal (Swing)

I...rder will be closed if not triggered in 24 hours..",c010f812cce26aa8cca3445a33f6d1b9,2025-11-25T22:46:17+00:00,2025-11-26T18:23:30.961223+00:00,32,@cryptosignals0rg
36307,17806,XRP (XRP/USDT) Faces Poised for a Breakout Amid Br...ised-for-a-breakout-amid-broader-market-struggles/,bb9c2850d93f6005ce8e3c316f21f77e,2025-11-25T22:44:22+00:00,2025-11-26T18:23:29.904486+00:00,32,@cryptosignals0rg
36335,17805,TRON (TRX/USD) Market Prepares For Bullish Reversa...for-bullish-reversal-from-discounted-price-levels/,0e847772c2c0f1fa2ed72a6d9efee95a,2025-11-25T22:38:31+00:00,2025-11-26T18:23:30.898800+00:00,32,@cryptosignals0rg
36306,17804,"Cryptosignals.org Daily Crypto Overview

Bitcoin: ...ef Rally Faces $100K Wall, Trader Says
-  Coindesk",83c31924b49f8c5546b1b980841a3d92,2025-11-25T18:38:45+00:00,2025-11-26T18:23:29.905419+00:00,32,@cryptosignals0rg
42427,17849,Solana (SOL) Price Prediction: SOL/USDT Recovers T...t-recovers-trading-ground-above-the-140-threshold/,f8056f24271922568d41f7d0904744c1,2025-11-28T22:06:07+00:00,2025-11-29T19:17:15.435317+00:00,32,@cryptosignals0rg
42473,17848,Bitcoin (BTC) Price Prediction: BTC/USDT May Resum...n-btc-price-prediction-btc-usdt-may-resume-diving/,82cfec18027b67fae80183591a4733fc,2025-11-28T22:02:30+00:00,2025-11-29T19:17:15.716494+00:00,32,@cryptosignals0rg
42455,17837,"Hyperliquid Trading Signal (Swing)

Instrument: HY...rder will be closed if not triggered in 24 hours..",585b5e186bb8ea6ec25f12bb946e9e39,2025-11-27T23:16:37+00:00,2025-11-29T19:17:15.644997+00:00,32,@cryptosignals0rg
42422,17832,"🔥🔥🔥Free Signal!🔥🔥🔥

Quant (QNT/USD) Trading Signal...er will be closed if not triggered after 24 hours.",ca676fefdc9e2b0360939c4c5096b23e,2025-11-27T12:33:55+00:00,2025-11-29T19:17:15.346471+00:00,32,@cryptosignals0rg
