id,external_id,message_preview,hash,published_at,created_at,source_id,source_name
52525,13571,"🔥 #RECALL/USDT | Long📈, x20 | 🔥

💷 Entry Target = ...
=-=-=-=-=-=-=-=-=-=-=-=-=-=-=
Cobra Trading Group",477513067f9a7b782ec2e649a3da5d7f,2025-12-04T15:41:32+00:00,2025-12-04T21:19:35.555520+00:00,231,t.me/CobraTradingGroup
50261,13558,"🔥 #PARTI/USDT | Short📉, x20 | 🔥

💷 Entry Target = ...
=-=-=-=-=-=-=-=-=-=-=-=-=-=-=
Cobra Trading Group",f970a255ae195b19f5ee65e7a994af25,2025-12-03T20:31:31+00:00,2025-12-03T21:12:03.542758+00:00,231,t.me/CobraTradingGroup
45759,13542,"🔥 #PORTAL/USDT | Short📉, x20 | 🔥

💷 Entry Target =...
=-=-=-=-=-=-=-=-=-=-=-=-=-=-=
Cobra Trading Group",a15da6c5b4775dac63d268c133b690b4,2025-12-02T13:48:23+00:00,2025-12-02T20:28:26.753253+00:00,231,t.me/CobraTradingGroup
59374,13611,"🔥 #PIEVERSE/USDT | Long📈, x20 | 🔥

💷 Entry Target ...
=-=-=-=-=-=-=-=-=-=-=-=-=-=-=
Cobra Trading Group",67514e065cad08f78ad566fb8d34302f,2025-12-07T12:11:43+00:00,2025-12-07T22:50:07.061890+00:00,231,t.me/CobraTradingGroup
61614,13641,"🔥 #RDNT/USDT | Short📉, x20 | 🔥

💷 Entry Target = 0...
=-=-=-=-=-=-=-=-=-=-=-=-=-=-=
Cobra Trading Group",64e4e555a42806febe06af4d436dca2c,2025-12-08T19:07:22+00:00,2025-12-08T22:57:56.593696+00:00,231,t.me/CobraTradingGroup
61611,13640,"🔥 #CC/USDT | Short📉, x20 | 🔥

💷 Entry Target = 0.0...
=-=-=-=-=-=-=-=-=-=-=-=-=-=-=
Cobra Trading Group",dff460e6afcc79be3cf8701f2e20be37,2025-12-08T18:30:42+00:00,2025-12-08T22:57:56.575410+00:00,231,t.me/CobraTradingGroup
61610,13634,"🔥 #SQD/USDT | Short📉, x20 | 🔥

💷 Entry Target = 0....
=-=-=-=-=-=-=-=-=-=-=-=-=-=-=
Cobra Trading Group",f2d9caecaac8463d0cc765913689215f,2025-12-08T09:52:38+00:00,2025-12-08T22:57:56.570959+00:00,231,t.me/CobraTradingGroup
61617,13635,"🔥 #COMMON/USDT | Short📉, x20 | 🔥

💷 Entry Target =...
=-=-=-=-=-=-=-=-=-=-=-=-=-=-=
Cobra Trading Group",f4fed0bc7f5741a38ccc130c564358bb,2025-12-08T14:28:21+00:00,2025-12-08T22:57:56.645184+00:00,231,t.me/CobraTradingGroup
63603,13660,"🔥 #STABLE/USDT | Long📈, x20 | 🔥

💷 Entry Target = ...
=-=-=-=-=-=-=-=-=-=-=-=-=-=-=
Cobra Trading Group",5fc5d0be178532f5079f11941ea1d0fa,2025-12-09T19:35:37+00:00,2025-12-09T23:22:41.396558+00:00,231,t.me/CobraTradingGroup
63605,13653,"🔥 #SYN/USDT | Short📉, x20 | 🔥

💷 Entry Target = 0....
=-=-=-=-=-=-=-=-=-=-=-=-=-=-=
Cobra Trading Group",c433c94a50e0b2dd3ab54fedfe3cfcba,2025-12-09T09:40:43+00:00,2025-12-09T23:22:41.400452+00:00,231,t.me/CobraTradingGroup
63610,13652,"🔥 #ARIA/USDT | Short📉, x20 | 🔥

💷 Entry Target = 0...
=-=-=-=-=-=-=-=-=-=-=-=-=-=-=
Cobra Trading Group",3b06eced9144573af916427c00b3dfc1,2025-12-09T09:26:23+00:00,2025-12-09T23:22:41.406321+00:00,231,t.me/CobraTradingGroup
66565,13678,"🔥 #NIGHT/USDT | Long📈, x20 | 🔥

💷 Entry Target = 0...
=-=-=-=-=-=-=-=-=-=-=-=-=-=-=
Cobra Trading Group",2de6fb864a7672cb2996c6de830f1e18,2025-12-10T19:57:22+00:00,2025-12-11T00:58:59.605057+00:00,231,t.me/CobraTradingGroup
66591,13673,"🔥 #PIEVERSE/USDT | Short📉, x20 | 🔥

💷 Entry Target...
=-=-=-=-=-=-=-=-=-=-=-=-=-=-=
Cobra Trading Group",89d14106f7447f4184c5ff49024385ec,2025-12-10T17:46:46+00:00,2025-12-11T00:58:59.851111+00:00,231,t.me/CobraTradingGroup
66629,13672,"🔥 #OL/USDT | Short📉, x20 | 🔥

💷 Entry Target = 0.0...
=-=-=-=-=-=-=-=-=-=-=-=-=-=-=
Cobra Trading Group",b5311877c52dc7de2093ca007e4da1c1,2025-12-10T17:39:23+00:00,2025-12-11T00:59:00.174633+00:00,231,t.me/CobraTradingGroup
66562,13667,"🔥 #USTC/USDT | Long📈, x20 | 🔥

💷 Entry Target = 0....
=-=-=-=-=-=-=-=-=-=-=-=-=-=-=
Cobra Trading Group",f46724c3164b058502a5a47a8a3a2ebe,2025-12-10T11:47:11+00:00,2025-12-11T00:58:59.476672+00:00,231,t.me/CobraTradingGroup
69542,13704,"🔥 #LIGHT/USDT | Short📉, x20 | 🔥

💷 Entry Target = ...
=-=-=-=-=-=-=-=-=-=-=-=-=-=-=
Cobra Trading Group",25b8ed0586832d6d3117ac1f8a3e840f,2025-12-11T20:23:04+00:00,2025-12-12T00:10:12.179133+00:00,231,t.me/CobraTradingGroup
69543,13694,"🔥 #LRC/USDT | Short📉, x20 | 🔥

💷 Entry Target = 0....
=-=-=-=-=-=-=-=-=-=-=-=-=-=-=
Cobra Trading Group",d77650f0ed94f19b6631cf437a52509d,2025-12-11T14:13:26+00:00,2025-12-12T00:10:12.181281+00:00,231,t.me/CobraTradingGroup
72484,13723,"🔥 #ICNT/USDT | Long📈, x20 | 🔥

💷 Entry Target = 0....
=-=-=-=-=-=-=-=-=-=-=-=-=-=-=
Cobra Trading Group",269993eb828e360fd7734f8fea338d3c,2025-12-12T16:53:03+00:00,2025-12-13T00:10:13.555890+00:00,231,t.me/CobraTradingGroup
72475,13719,"🔥 #STO/USDT | Long📈, x20 | 🔥

💷 Entry Target = 0.1...
=-=-=-=-=-=-=-=-=-=-=-=-=-=-=
Cobra Trading Group",0857af9c319a1e024f637e87855df123,2025-12-12T10:01:10+00:00,2025-12-13T00:10:13.517151+00:00,231,t.me/CobraTradingGroup
72482,13717,"🔥 #STABLE/USDT | Long📈, x20 | 🔥

💷 Entry Target = ...
=-=-=-=-=-=-=-=-=-=-=-=-=-=-=
Cobra Trading Group",00b7bf017cc9d7050350def8f6e0ef73,2025-12-12T09:22:50+00:00,2025-12-13T00:10:13.548844+00:00,231,t.me/CobraTradingGroup
75508,13742,"🔥 #LIGHT/USDT | Long📈, x20 | 🔥

💷 Entry Target = 1...
=-=-=-=-=-=-=-=-=-=-=-=-=-=-=
Cobra Trading Group",6b4bb89664bc1aebef89af6d606a3178,2025-12-13T19:22:20+00:00,2025-12-14T01:53:50.917800+00:00,231,t.me/CobraTradingGroup
75515,13736,"🔥 #LRC/USDT | Long📈, x20 | 🔥

💷 Entry Target = 0.0...
=-=-=-=-=-=-=-=-=-=-=-=-=-=-=
Cobra Trading Group",d95283741f53e455702611184bfaffc7,2025-12-13T18:46:53+00:00,2025-12-14T01:53:51.211429+00:00,231,t.me/CobraTradingGroup
77896,13761,"🔥 #US/USDT | Long📈, x20 | 🔥

💷 Entry Target = 0.01...
=-=-=-=-=-=-=-=-=-=-=-=-=-=-=
Cobra Trading Group",542975d2cc108e1df07816e73ceb9299,2025-12-14T19:57:55+00:00,2025-12-15T01:23:03.413629+00:00,231,t.me/CobraTradingGroup
80579,13790,"🔥 #GUN/USDT | Short📉, x20 | 🔥

💷 Entry Target = 0....
=-=-=-=-=-=-=-=-=-=-=-=-=-=-=
Cobra Trading Group",4e8e6b35eac9bcb5ec6824b12d57dcb8,2025-12-15T18:38:37+00:00,2025-12-16T02:04:47.240943+00:00,231,t.me/CobraTradingGroup
80580,13789,"🔥 #RAVE/USDT | Short📉, x20 | 🔥

💷 Entry Target = 0...
=-=-=-=-=-=-=-=-=-=-=-=-=-=-=
Cobra Trading Group",96e3dad63728e74178b03e7f943f3e79,2025-12-15T18:27:30+00:00,2025-12-16T02:04:47.241363+00:00,231,t.me/CobraTradingGroup
80552,13783,"🔥 #PIEVERSE/USDT | Short📉, x20 | 🔥

💷 Entry Target...
=-=-=-=-=-=-=-=-=-=-=-=-=-=-=
Cobra Trading Group",76f7ffe66184b943b5c2c9b146fc08ec,2025-12-15T16:18:30+00:00,2025-12-16T02:04:47.011636+00:00,231,t.me/CobraTradingGroup
80544,13776,"🔥 #LIGHT/USDT | Long📈, x20 | 🔥

💷 Entry Target = 1...
=-=-=-=-=-=-=-=-=-=-=-=-=-=-=
Cobra Trading Group",bd12f2175279b52b7f7f9fd7f2e5d123,2025-12-15T14:17:12+00:00,2025-12-16T02:04:46.904005+00:00,231,t.me/CobraTradingGroup
83984,13804,"🔥 #PTB/USDT | Short📉, x20 | 🔥

💷 Entry Target = 0....
=-=-=-=-=-=-=-=-=-=-=-=-=-=-=
Cobra Trading Group",a2482adbc51a0d15d73117db457e6ffb,2025-12-16T16:18:59+00:00,2025-12-17T03:09:33.548089+00:00,231,t.me/CobraTradingGroup
86612,13823,"🔥 #LISTA/USDT | Short📉, x20 | 🔥

💷 Entry Target = ...
=-=-=-=-=-=-=-=-=-=-=-=-=-=-=
Cobra Trading Group",e43a7a048078d33b31ad41a4e1368627,2025-12-17T18:40:56+00:00,2025-12-18T03:32:26.588616+00:00,231,t.me/CobraTradingGroup
86615,13821,"🔥 #SWARMS/USDT | Short📉, x20 | 🔥

💷 Entry Target =...
=-=-=-=-=-=-=-=-=-=-=-=-=-=-=
Cobra Trading Group",1a0363276f5f750d3176d95e53902d82,2025-12-17T18:14:43+00:00,2025-12-18T03:32:26.606123+00:00,231,t.me/CobraTradingGroup
86646,13817,"🔥 #VFY/USDT | Short📉, x20 | 🔥

💷 Entry Target = 0....
=-=-=-=-=-=-=-=-=-=-=-=-=-=-=
Cobra Trading Group",864e10e3afcbfcd85a871f3e1c5ad10f,2025-12-17T14:40:01+00:00,2025-12-18T03:32:30.597384+00:00,231,t.me/CobraTradingGroup
89864,13837,"🔥 #Q/USDT | Short📉, x20 | 🔥

💷 Entry Target = 0.01...
=-=-=-=-=-=-=-=-=-=-=-=-=-=-=
Cobra Trading Group",78462ee849cb43840bd8dd7b5ba7c63d,2025-12-18T14:33:36+00:00,2025-12-19T02:25:05.783866+00:00,231,t.me/CobraTradingGroup
89867,13833,"🔥 #ZORA/USDT | Short📉, x20 | 🔥

💷 Entry Target = 0...
=-=-=-=-=-=-=-=-=-=-=-=-=-=-=
Cobra Trading Group",9e0be759e4c05a48619eb200d7e1c424,2025-12-18T13:25:02+00:00,2025-12-19T02:25:05.906170+00:00,231,t.me/CobraTradingGroup
90060,13860,"🔥 #PROM/USDT | Short📉, x20 | 🔥

💷 Entry Target = 7...
=-=-=-=-=-=-=-=-=-=-=-=-=-=-=
Cobra Trading Group",393f457f940b743450debec9c9b19141,2025-12-19T14:41:08+00:00,2025-12-20T03:33:57.027364+00:00,231,t.me/CobraTradingGroup
90075,13858,"🔥 #RAVE/USDT | Short📉, x20 | 🔥

💷 Entry Target = 0...
=-=-=-=-=-=-=-=-=-=-=-=-=-=-=
Cobra Trading Group",71a69b6a08804c7a4faecb1852d73eb2,2025-12-19T14:27:11+00:00,2025-12-20T03:33:57.147586+00:00,231,t.me/CobraTradingGroup
91761,13890,"🔥 #JCT/USDT | Long📈, x20 | 🔥

💷 Entry Target = 0.0...
=-=-=-=-=-=-=-=-=-=-=-=-=-=-=
Cobra Trading Group",08b83d54abd4ac74db50fc824741786e,2025-12-21T11:48:39+00:00,2025-12-22T11:54:22.940115+00:00,231,t.me/CobraTradingGroup
91764,13885,"🔥 #STRK/USDT | Short📉, x20 | 🔥

💷 Entry Target = 0...
=-=-=-=-=-=-=-=-=-=-=-=-=-=-=
Cobra Trading Group",85aa655f6361ef6b0384b92461afbd68,2025-12-21T10:56:56+00:00,2025-12-22T11:54:23.371262+00:00,231,t.me/CobraTradingGroup
91767,13878,"🔥 #WET/USDT | Short📉, x20 | 🔥

💷 Entry Target = 0....
=-=-=-=-=-=-=-=-=-=-=-=-=-=-=
Cobra Trading Group",c5fb1a0ec94fd81208d7c7a59277b100,2025-12-20T16:25:26+00:00,2025-12-22T11:54:23.380859+00:00,231,t.me/CobraTradingGroup
91760,13875,"🔥 #PTB/USDT | Short📉, x20 | 🔥

💷 Entry Target = 0....
=-=-=-=-=-=-=-=-=-=-=-=-=-=-=
Cobra Trading Group",97fe9be71e4a02d2546a211471f99641,2025-12-20T15:33:19+00:00,2025-12-22T11:54:22.940636+00:00,231,t.me/CobraTradingGroup
91825,13902,"🔥 #ACT/USDT | Short📉, x20 | 🔥

💷 Entry Target = 0....
=-=-=-=-=-=-=-=-=-=-=-=-=-=-=
Cobra Trading Group",0dfbfeff006319038ac2257955686da7,2025-12-21T15:36:58+00:00,2025-12-22T11:54:23.672732+00:00,231,t.me/CobraTradingGroup
91797,13884,"🔥 #ICNT/USDT | Short📉, x20 | 🔥

💷 Entry Target = 0...
=-=-=-=-=-=-=-=-=-=-=-=-=-=-=
Cobra Trading Group",1e3c22287ff9543778b335b5d4b116de,2025-12-21T10:38:33+00:00,2025-12-22T11:54:23.594901+00:00,231,t.me/CobraTradingGroup
91818,13877,"🔥 #SQD/USDT | Short📉, x20 | 🔥

💷 Entry Target = 0....
=-=-=-=-=-=-=-=-=-=-=-=-=-=-=
Cobra Trading Group",d3d780c517171c857dfd81734540a248,2025-12-20T16:07:15+00:00,2025-12-22T11:54:23.657961+00:00,231,t.me/CobraTradingGroup
91819,13876,"🔥 #SHELL/USDT | Short📉, x20 | 🔥

💷 Entry Target = ...
=-=-=-=-=-=-=-=-=-=-=-=-=-=-=
Cobra Trading Group",58a30923ebed3568ff5ecf0247ee2f2b,2025-12-20T15:53:41+00:00,2025-12-22T11:54:23.659498+00:00,231,t.me/CobraTradingGroup
97874,13945,"🔥 #ICNT/USDT | Short📉, x20 | 🔥

💷 Entry Target = 0...
=-=-=-=-=-=-=-=-=-=-=-=-=-=-=
Cobra Trading Group",4a705b053f81a3d0f091a9f465c7d4b6,2025-12-24T16:57:31+00:00,2025-12-24T18:03:27.633991+00:00,231,t.me/CobraTradingGroup
97852,13944,"🔥 #RIVER/USDT | Short📉, x20 | 🔥

💷 Entry Target = ...
=-=-=-=-=-=-=-=-=-=-=-=-=-=-=
Cobra Trading Group",735c4a8b81318052ab44f9eac3a78666,2025-12-24T16:55:22+00:00,2025-12-24T18:03:27.468308+00:00,231,t.me/CobraTradingGroup
97856,13943,"🔥 #NIGHT/USDT | Short📉, x20 | 🔥

💷 Entry Target = ...
=-=-=-=-=-=-=-=-=-=-=-=-=-=-=
Cobra Trading Group",aca49b8a918826772ab344953936a1fe,2025-12-24T14:10:24+00:00,2025-12-24T18:03:27.497693+00:00,231,t.me/CobraTradingGroup
97839,13936,"🔥 #RAVE/USDT | Short📉, x20 | 🔥

💷 Entry Target = 0...
=-=-=-=-=-=-=-=-=-=-=-=-=-=-=
Cobra Trading Group",ee2d8fa62d39f034261766e14fcabb9f,2025-12-23T20:45:14+00:00,2025-12-24T18:03:27.403848+00:00,231,t.me/CobraTradingGroup
97830,13935,"🔥 #AVNT/USDT | Short📉, x20 | 🔥

💷 Entry Target = 0...
=-=-=-=-=-=-=-=-=-=-=-=-=-=-=
Cobra Trading Group",0a11d03f13cc27612d767903d92acaea,2025-12-23T20:00:50+00:00,2025-12-24T18:03:27.325766+00:00,231,t.me/CobraTradingGroup
92734,13931,"🔥 #PROM/USDT | Short📉, x20 | 🔥

💷 Entry Target = 7...
=-=-=-=-=-=-=-=-=-=-=-=-=-=-=
Cobra Trading Group",f3ad4ca2ef8d98197d3230be33797904,2025-12-23T13:21:16+00:00,2025-12-23T15:25:04.350170+00:00,231,t.me/CobraTradingGroup
92733,13930,"🔥 #GIGGLE/USDT | Long📈, x20 | 🔥

💷 Entry Target = ...
=-=-=-=-=-=-=-=-=-=-=-=-=-=-=
Cobra Trading Group",e5daed95b8f1e8b51d9959ada2b07e98,2025-12-23T13:08:19+00:00,2025-12-23T15:25:04.339978+00:00,231,t.me/CobraTradingGroup
92644,13919,"🔥 #SIREN/USDT | Long📈, x20 | 🔥

💷 Entry Target = 0...
=-=-=-=-=-=-=-=-=-=-=-=-=-=-=
Cobra Trading Group",fe0dd24bc45139c3012990a10d1fb307,2025-12-22T14:32:40+00:00,2025-12-22T21:32:43.394104+00:00,231,t.me/CobraTradingGroup
91785,13910,"🔥 #BEAT/USDT | Long📈, x20 | 🔥

💷 Entry Target = 4....
=-=-=-=-=-=-=-=-=-=-=-=-=-=-=
Cobra Trading Group",b2f95d3790941f87cc3de1cdc1e7a705,2025-12-22T08:32:33+00:00,2025-12-22T11:54:23.449744+00:00,231,t.me/CobraTradingGroup
90065,13857,"🔥 #SIREN/USDT | Short📉, x20 | 🔥

💷 Entry Target = ...
=-=-=-=-=-=-=-=-=-=-=-=-=-=-=
Cobra Trading Group",80f17a2dd5070f9cc39741eaff9a4c1c,2025-12-19T14:19:25+00:00,2025-12-20T03:33:57.096911+00:00,231,t.me/CobraTradingGroup
89865,13840,"🔥 #FOLKS/USDT | Short📉, x20 | 🔥

💷 Entry Target = ...
=-=-=-=-=-=-=-=-=-=-=-=-=-=-=
Cobra Trading Group",0a243022ee9a40616477970e945d9574,2025-12-18T16:12:45+00:00,2025-12-19T02:25:05.831092+00:00,231,t.me/CobraTradingGroup
86647,13818,"🔥 #BEAT/USDT | Long📈, x20 | 🔥

💷 Entry Target = 2....
=-=-=-=-=-=-=-=-=-=-=-=-=-=-=
Cobra Trading Group",beac78b3b4f9058e7315b4f39bc6fcb7,2025-12-17T14:53:20+00:00,2025-12-18T03:32:30.603002+00:00,231,t.me/CobraTradingGroup
77882,13757,"🔥 #FOLKS/USDT | Short📉, x20 | 🔥

💷 Entry Target = ...
=-=-=-=-=-=-=-=-=-=-=-=-=-=-=
Cobra Trading Group",48c370e9a3b7a2ee417d513e8e426d2b,2025-12-14T17:12:55+00:00,2025-12-15T01:23:03.245555+00:00,231,t.me/CobraTradingGroup
75535,13741,"🔥 #SIREN/USDT | Short📉, x20 | 🔥

💷 Entry Target = ...
=-=-=-=-=-=-=-=-=-=-=-=-=-=-=
Cobra Trading Group",85089aa12f78783478ab6a11b6d7e1f8,2025-12-13T19:12:53+00:00,2025-12-14T01:53:51.557403+00:00,231,t.me/CobraTradingGroup
75532,13733,"🔥 #BEAT/USDT | Short📉, x20 | 🔥

💷 Entry Target = 2...
=-=-=-=-=-=-=-=-=-=-=-=-=-=-=
Cobra Trading Group",c2711e3652583ef28f1cb6f3201deff0,2025-12-13T18:19:53+00:00,2025-12-14T01:53:51.542990+00:00,231,t.me/CobraTradingGroup
69540,13702,"🔥 #BEAT/USDT | Short📉, x20 | 🔥

💷 Entry Target = 1...
=-=-=-=-=-=-=-=-=-=-=-=-=-=-=
Cobra Trading Group",05101447fb4934e6eb599f0466bb3e3f,2025-12-11T20:14:32+00:00,2025-12-12T00:10:12.166175+00:00,231,t.me/CobraTradingGroup
63608,13654,"🔥 #PIPPIN/USDT | Long📈, x20 | 🔥

💷 Entry Target = ...
=-=-=-=-=-=-=-=-=-=-=-=-=-=-=
Cobra Trading Group",b20d67e95eb749a218611b44d10201d5,2025-12-09T14:17:46+00:00,2025-12-09T23:22:41.401667+00:00,231,t.me/CobraTradingGroup
59372,13621,"🔥 #BEAT/USDT | Short📉, x20 | 🔥

💷 Entry Target = 1...
=-=-=-=-=-=-=-=-=-=-=-=-=-=-=
Cobra Trading Group",37565b504d86975d060a9c2cc43285f4,2025-12-07T16:14:23+00:00,2025-12-07T22:50:07.059182+00:00,231,t.me/CobraTradingGroup
59361,13612,"🔥 #MOODENG/USDT | Short📉, x20 | 🔥

💷 Entry Target ...
=-=-=-=-=-=-=-=-=-=-=-=-=-=-=
Cobra Trading Group",204e49fbd807a6c0611fc7fb279f8638,2025-12-07T12:18:13+00:00,2025-12-07T22:50:07.013715+00:00,231,t.me/CobraTradingGroup
57399,13604,"🔥 #GRIFFAIN/USDT | Short📉, x20 | 🔥

💷 Entry Target...
=-=-=-=-=-=-=-=-=-=-=-=-=-=-=
Cobra Trading Group",9fe30e185158c24aadb600b63c545737,2025-12-06T18:08:13+00:00,2025-12-06T22:22:08.871351+00:00,231,t.me/CobraTradingGroup
57395,13599,"🔥 #BEAT/USDT | Long📈, x20 | 🔥

💷 Entry Target = 1....
=-=-=-=-=-=-=-=-=-=-=-=-=-=-=
Cobra Trading Group",e9b3dcd6c59162de72aa2c8544e4b164,2025-12-06T15:29:58+00:00,2025-12-06T22:22:08.855705+00:00,231,t.me/CobraTradingGroup
57385,13598,"🔥 #VFY/USDT | Short📉, x20 | 🔥

💷 Entry Target = 0....
=-=-=-=-=-=-=-=-=-=-=-=-=-=-=
Cobra Trading Group",0ed867041577a2de2d2b864e358d1954,2025-12-06T12:05:37+00:00,2025-12-06T22:22:08.702046+00:00,231,t.me/CobraTradingGroup
55007,13590,"🔥 #PIPPIN/USDT | Short📉, x20 | 🔥

💷 Entry Target =...
=-=-=-=-=-=-=-=-=-=-=-=-=-=-=
Cobra Trading Group",c6b81b09f5fc9ad124adc9995f4613b6,2025-12-05T18:53:02+00:00,2025-12-05T22:35:57.253303+00:00,231,t.me/CobraTradingGroup
55018,13582,"🔥 #Q/USDT | Long📈, x20 | 🔥

💷 Entry Target = 0.012...
=-=-=-=-=-=-=-=-=-=-=-=-=-=-=
Cobra Trading Group",3860ae1caa3219097740eb9ff41c0fda,2025-12-05T13:43:58+00:00,2025-12-05T22:35:57.418229+00:00,231,t.me/CobraTradingGroup
54989,13581,"🔥 #CVC/USDT | Long📈, x20 | 🔥

💷 Entry Target = 0.0...
=-=-=-=-=-=-=-=-=-=-=-=-=-=-=
Cobra Trading Group",245c6d02c6610c8944069a842defb824,2025-12-05T13:11:54+00:00,2025-12-05T22:35:56.964927+00:00,231,t.me/CobraTradingGroup
52516,13576,"🔥 #VFY/USDT | Short📉, x20 | 🔥

💷 Entry Target = 0....
=-=-=-=-=-=-=-=-=-=-=-=-=-=-=
Cobra Trading Group",fb41166a7e9be2a29ef4246f6a2a8126,2025-12-04T19:24:00+00:00,2025-12-04T21:19:35.512756+00:00,231,t.me/CobraTradingGroup
50264,13557,"🔥 #VFY/USDT | Long📈, x20 | 🔥

💷 Entry Target = 0.0...
=-=-=-=-=-=-=-=-=-=-=-=-=-=-=
Cobra Trading Group",e1db9929ad649ac04959f30cdd8086a9,2025-12-03T17:57:57+00:00,2025-12-03T21:12:03.676554+00:00,231,t.me/CobraTradingGroup
50258,13556,"🔥 #RLS/USDT | Short📉, x20 | 🔥

💷 Entry Target = 0....
=-=-=-=-=-=-=-=-=-=-=-=-=-=-=
Cobra Trading Group",f17938928f7590cff185a49b792ad0f9,2025-12-03T17:19:43+00:00,2025-12-03T21:12:03.516180+00:00,231,t.me/CobraTradingGroup
45763,13543,"🔥 #ZEC/USDT | Short📉, x20 | 🔥

💷 Entry Target = 34...
=-=-=-=-=-=-=-=-=-=-=-=-=-=-=
Cobra Trading Group",82d3819b61c20365556ec0de3866e147,2025-12-02T18:14:17+00:00,2025-12-02T20:28:26.926067+00:00,231,t.me/CobraTradingGroup
45623,13535,"🔥 #BAND/USDT | Long📈, x20 | 🔥

💷 Entry Target = 0....
=-=-=-=-=-=-=-=-=-=-=-=-=-=-=
Cobra Trading Group",0a364e5549fbb4f8be7e0babd558e127,2025-12-01T20:01:23+00:00,2025-12-01T21:03:05.735894+00:00,231,t.me/CobraTradingGroup
45620,13532,"🔥 #KGEN/USDT | Short📉, x20 | 🔥

💷 Entry Target = 0...
=-=-=-=-=-=-=-=-=-=-=-=-=-=-=
Cobra Trading Group",37e079132e23c361f2f49961c1135921,2025-12-01T17:29:57+00:00,2025-12-01T21:03:05.727677+00:00,231,t.me/CobraTradingGroup
45655,13528,"🔥 #PIPPIN/USDT | Short📉, x20 | 🔥

💷 Entry Target =...
=-=-=-=-=-=-=-=-=-=-=-=-=-=-=
Cobra Trading Group",5ed61fb82d9bc3d6e9af4913af1b9c9d,2025-12-01T14:23:49+00:00,2025-12-01T21:03:06.112335+00:00,231,t.me/CobraTradingGroup
45638,13527,"🔥 #AT/USDT | Short📉, x20 | 🔥

💷 Entry Target = 0.1...
=-=-=-=-=-=-=-=-=-=-=-=-=-=-=
Cobra Trading Group",7a806ec44449566fadf00af1d664cfcf,2025-12-01T13:34:51+00:00,2025-12-01T21:03:06.042804+00:00,231,t.me/CobraTradingGroup
102657,13996,"🔥 #RAVE/USDT | Short📉, x20 | 🔥

💷 Entry Target = 0...
=-=-=-=-=-=-=-=-=-=-=-=-=-=-=
Cobra Trading Group",3731ce74408279ef20a49e61b28b4345,2025-12-27T11:40:46+00:00,2025-12-27T14:08:08.659288+00:00,231,t.me/CobraTradingGroup
102648,13995,"🔥 #LISTA/USDT | Long📈, x20 | 🔥

💷 Entry Target = 0...
=-=-=-=-=-=-=-=-=-=-=-=-=-=-=
Cobra Trading Group",6dca4f37f65b9320f7a3c110aaa8bffb,2025-12-27T08:05:51+00:00,2025-12-27T14:08:08.431484+00:00,231,t.me/CobraTradingGroup
102638,13993,"🔥 #AT/USDT | Short📉, x20 | 🔥

💷 Entry Target = 0.1...
=-=-=-=-=-=-=-=-=-=-=-=-=-=-=
Cobra Trading Group",c52a3cb7ebc56fd5963cc4ce44f05d8b,2025-12-27T07:48:22+00:00,2025-12-27T14:08:08.365538+00:00,231,t.me/CobraTradingGroup
102643,13988,"🔥 #RAVE/USDT | Short📉, x20 | 🔥

💷 Entry Target = 0...
=-=-=-=-=-=-=-=-=-=-=-=-=-=-=
Cobra Trading Group",56343574e7b1fe6ff2d57e3af94a3253,2025-12-26T19:26:35+00:00,2025-12-27T14:08:08.425659+00:00,231,t.me/CobraTradingGroup
102632,13986,"🔥 #LISTA/USDT | Long📈, x20 | 🔥

💷 Entry Target = 0...
=-=-=-=-=-=-=-=-=-=-=-=-=-=-=
Cobra Trading Group",f6fa0bf68a53b8161da67b874c02648b,2025-12-26T19:01:18+00:00,2025-12-27T14:08:08.336319+00:00,231,t.me/CobraTradingGroup
102650,13975,"🔥 #HMSTR/USDT | Short📉, x20 | 🔥

💷 Entry Target = ...
=-=-=-=-=-=-=-=-=-=-=-=-=-=-=
Cobra Trading Group",834ca44e55665f7e06506065023831d7,2025-12-26T16:08:01+00:00,2025-12-27T14:08:08.437584+00:00,231,t.me/CobraTradingGroup
102640,13974,"🔥 #LYN/USDT | Long📈, x20 | 🔥

💷 Entry Target = 0.1...
=-=-=-=-=-=-=-=-=-=-=-=-=-=-=
Cobra Trading Group",898005a22559c05b7b22a783e3d46ede,2025-12-26T16:01:53+00:00,2025-12-27T14:08:08.389316+00:00,231,t.me/CobraTradingGroup
106037,14019,"🔥 #Q/USDT | Short📉, x20 | 🔥

💷 Entry Target = 0.01...
=-=-=-=-=-=-=-=-=-=-=-=-=-=-=
Cobra Trading Group",d86d9539202b563324c5abf03cc62d3b,2025-12-28T20:03:47+00:00,2025-12-28T21:28:12.335620+00:00,231,t.me/CobraTradingGroup
105993,14014,"🔥 #ICNT/USDT | Short📉, x20 | 🔥

💷 Entry Target = 0...
=-=-=-=-=-=-=-=-=-=-=-=-=-=-=
Cobra Trading Group",07561b43790710cb7c6ec8f8aca8e579,2025-12-28T17:04:53+00:00,2025-12-28T21:28:11.687396+00:00,231,t.me/CobraTradingGroup
106015,14006,"🔥 #STORJ/USDT | Long📈, x20 | 🔥

💷 Entry Target = 0...
=-=-=-=-=-=-=-=-=-=-=-=-=-=-=
Cobra Trading Group",e2ae90f5cd8c7c074633e354806291e5,2025-12-28T07:13:43+00:00,2025-12-28T21:28:11.872445+00:00,231,t.me/CobraTradingGroup
108644,14049,"🔥 #BANK/USDT | Short📉, x20 | 🔥

💷 Entry Target = 0...
=-=-=-=-=-=-=-=-=-=-=-=-=-=-=
Cobra Trading Group",1f34b962a67438ab4ec6bf3d59387029,2025-12-30T12:49:34+00:00,2025-12-30T15:19:37.425189+00:00,231,t.me/CobraTradingGroup
108666,14039,"🔥 #RIVER/USDT | Short📉, x20 | 🔥

💷 Entry Target = ...
=-=-=-=-=-=-=-=-=-=-=-=-=-=-=
Cobra Trading Group",47b5d239b6eac8821cfdf2dd09957b0a,2025-12-29T20:36:41+00:00,2025-12-30T15:19:37.640605+00:00,231,t.me/CobraTradingGroup
108669,14036,"🔥 #ONT/USDT | Short📉, x20 | 🔥

💷 Entry Target = 0....
=-=-=-=-=-=-=-=-=-=-=-=-=-=-=
Cobra Trading Group",9f13af9a33b46ca59ad391de79588427,2025-12-29T17:47:25+00:00,2025-12-30T15:19:37.691424+00:00,231,t.me/CobraTradingGroup
108687,14041,"🔥 #VFY/USDT | Long📈, x20 | 🔥

💷 Entry Target = 0.0...
=-=-=-=-=-=-=-=-=-=-=-=-=-=-=
Cobra Trading Group",91c7e7ea818609f3e11d29019e2986f9,2025-12-29T21:05:10+00:00,2025-12-30T15:19:37.830784+00:00,231,t.me/CobraTradingGroup
108684,14030,"🔥 #SQD/USDT | Long📈, x20 | 🔥

💷 Entry Target = 0.0...
=-=-=-=-=-=-=-=-=-=-=-=-=-=-=
Cobra Trading Group",41a7181b1fa8ee69655cda70b24a646f,2025-12-29T14:48:11+00:00,2025-12-30T15:19:37.779518+00:00,231,t.me/CobraTradingGroup
108688,14026,"🔥 #ZBT/USDT | Short📉, x20 | 🔥

💷 Entry Target = 0....
=-=-=-=-=-=-=-=-=-=-=-=-=-=-=
Cobra Trading Group",51c021c6544671600d0994f39de8f0a4,2025-12-29T14:36:40+00:00,2025-12-30T15:19:37.833341+00:00,231,t.me/CobraTradingGroup
111492,14065,"🔥 #BEAT/USDT | Short📉, x20 | 🔥

💷 Entry Target = 1...
=-=-=-=-=-=-=-=-=-=-=-=-=-=-=
Cobra Trading Group",7772e567d471c6952d6630229a1d60f9,2025-12-31T09:24:29+00:00,2026-01-01T13:42:02.886839+00:00,231,t.me/CobraTradingGroup
111501,14064,"🔥 #CHZ/USDT | Long📈, x20 | 🔥

💷 Entry Target = 0.0...
=-=-=-=-=-=-=-=-=-=-=-=-=-=-=
Cobra Trading Group",ff4cf7c306ddca503060bf01e4e5eb3b,2025-12-31T09:18:27+00:00,2026-01-01T13:42:02.932241+00:00,231,t.me/CobraTradingGroup
111505,14066,"🔥 #ACT/USDT | Short📉, x20 | 🔥

💷 Entry Target = 0....
=-=-=-=-=-=-=-=-=-=-=-=-=-=-=
Cobra Trading Group",764267430aa77c304d1a3aeac223bab0,2025-12-31T09:36:08+00:00,2026-01-01T13:42:02.973825+00:00,231,t.me/CobraTradingGroup
111499,14054,"🔥 #RECALL/USDT | Long📈, x20 | 🔥

💷 Entry Target = ...
=-=-=-=-=-=-=-=-=-=-=-=-=-=-=
Cobra Trading Group",3ff16b73909fb1ff497d68299a622936,2025-12-30T19:25:03+00:00,2026-01-01T13:42:02.930174+00:00,231,t.me/CobraTradingGroup
111525,14069,"🔥 #UB/USDT | Short📉, x20 | 🔥

💷 Entry Target = 0.0...
=-=-=-=-=-=-=-=-=-=-=-=-=-=-=
Cobra Trading Group",99adf6a391607842a30a9e856044c00b,2025-12-31T10:37:45+00:00,2026-01-01T13:42:03.130338+00:00,231,t.me/CobraTradingGroup
